,Wk,HomeTeam,AwayTeam,Result,FTHG,FTAG,HxG,AxG,HS,AS,HST,AST,pastHG,pastAG,pastHxG,pastAxG,pastHS,pastAS,pastHST,pastAST,HomePoint,AwayPoint,pastHP,pastAP,pastHGC,pastAGC,pastHxGC,pastAxGC,pastHSC,pastASC,pastHSTC,pastASTC
0,1.0,Crystal Palace,Arsenal,A,0,2,1.2,1.0,10.0,10.0,2.0,2.0,0.0,0.0,0.0,0.0,0.0,0.0,0.0,0.0,0,3,0.0,0.0,0.0,0.0,0.0,0.0,0.0,0.0,0.0,0.0
1,1.0,Fulham,Liverpool,D,2,2,1.2,1.2,9.0,11.0,3.0,4.0,0.0,0.0,0.0,0.0,0.0,0.0,0.0,0.0,1,1,0.0,0.0,0.0,0.0,0.0,0.0,0.0,0.0,0.0,0.0
2,1.0,Tottenham,Southampton,H,4,1,1.5,0.5,18.0,10.0,8.0,2.0,0.0,0.0,0.0,0.0,0.0,0.0,0.0,0.0,3,0,0.0,0.0,0.0,0.0,0.0,0.0,0.0,0.0,0.0,0.0
3,1.0,Newcastle Utd,Nott'ham Forest,H,2,0,1.7,0.3,23.0,5.0,10.0,0.0,0.0,0.0,0.0,0.0,0.0,0.0,0.0,0.0,3,0,0.0,0.0,0.0,0.0,0.0,0.0,0.0,0.0,0.0,0.0
4,1.0,Leeds United,Wolves,H,2,1,0.8,1.3,12.0,15.0,4.0,6.0,0.0,0.0,0.0,0.0,0.0,0.0,0.0,0.0,3,0,0.0,0.0,0.0,0.0,0.0,0.0,0.0,0.0,0.0,0.0
5,1.0,Bournemouth,Aston Villa,H,2,0,0.6,0.7,7.0,15.0,3.0,2.0,0.0,0.0,0.0,0.0,0.0,0.0,0.0,0.0,3,0,0.0,0.0,0.0,0.0,0.0,0.0,0.0,0.0,0.0,0.0
6,1.0,Everton,Chelsea,A,0,1,0.7,1.5,8.0,15.0,4.0,6.0,0.0,0.0,0.0,0.0,0.0,0.0,0.0,0.0,0,3,0.0,0.0,0.0,0.0,0.0,0.0,0.0,0.0,0.0,0.0
7,1.0,Leicester City,Brentford,D,2,2,0.6,0.8,14.0,8.0,5.0,3.0,0.0,0.0,0.0,0.0,0.0,0.0,0.0,0.0,1,1,0.0,0.0,0.0,0.0,0.0,0.0,0.0,0.0,0.0,0.0
8,1.0,Manchester Utd,Brighton,A,1,2,1.4,1.5,17.0,15.0,5.0,4.0,0.0,0.0,0.0,0.0,0.0,0.0,0.0,0.0,0,3,0.0,0.0,0.0,0.0,0.0,0.0,0.0,0.0,0.0,0.0
9,1.0,West Ham,Manchester City,A,0,2,0.5,2.2,6.0,14.0,1.0,2.0,0.0,0.0,0.0,0.0,0.0,0.0,0.0,0.0,0,3,0.0,0.0,0.0,0.0,0.0,0.0,0.0,0.0,0.0,0.0
10,2.0,Aston Villa,Everton,H,2,1,2.3,1.6,12.0,15.0,4.0,4.0,0.0,0.0,0.7,0.7,15.0,8.0,2.0,4.0,3,0,0.0,0.0,2.0,1.0,0.6,1.5,7.0,15.0,3.0,6.0
11,2.0,Manchester City,Bournemouth,H,4,0,1.7,0.1,19.0,3.0,7.0,1.0,2.0,2.0,2.2,0.6,14.0,7.0,2.0,3.0,3,0,3.0,3.0,0.0,0.0,0.5,0.7,6.0,15.0,1.0,2.0
12,2.0,Southampton,Leeds United,D,2,2,1.2,1.8,14.0,13.0,4.0,5.0,1.0,2.0,0.5,0.8,10.0,12.0,2.0,4.0,1,1,0.0,3.0,4.0,1.0,1.5,1.3,18.0,15.0,8.0,6.0
13,2.0,Wolves,Fulham,D,0,0,0.9,1.5,7.0,9.0,1.0,3.0,1.0,2.0,1.3,1.2,15.0,9.0,6.0,3.0,1,1,0.0,1.0,2.0,2.0,0.8,1.2,12.0,11.0,4.0,4.0
14,2.0,Arsenal,Leicester City,H,4,2,2.7,0.5,19.0,6.0,7.0,2.0,2.0,2.0,1.0,0.6,10.0,14.0,2.0,5.0,3,0,3.0,1.0,0.0,2.0,1.2,0.8,10.0,8.0,2.0,3.0
15,2.0,Brighton,Newcastle Utd,D,0,0,1.5,0.2,13.0,4.0,7.0,1.0,2.0,2.0,1.5,1.7,15.0,23.0,4.0,10.0,1,1,3.0,3.0,1.0,0.0,1.4,0.3,17.0,5.0,5.0,0.0
16,2.0,Brentford,Manchester Utd,H,4,0,1.6,0.9,13.0,15.0,7.0,4.0,2.0,1.0,0.8,1.4,8.0,17.0,3.0,5.0,3,0,1.0,0.0,2.0,2.0,0.6,1.5,14.0,15.0,5.0,4.0
17,2.0,Nott'ham Forest,West Ham,H,1,0,1.3,2.1,13.0,19.0,6.0,5.0,0.0,0.0,0.3,0.5,5.0,6.0,0.0,1.0,3,0,0.0,0.0,2.0,2.0,1.7,2.2,23.0,14.0,10.0,2.0
18,2.0,Chelsea,Tottenham,D,2,2,1.6,1.0,16.0,10.0,3.0,5.0,1.0,4.0,1.5,1.5,15.0,18.0,6.0,8.0,1,1,3.0,3.0,0.0,1.0,0.7,0.5,8.0,10.0,4.0,2.0
19,2.0,Liverpool,Crystal Palace,D,1,1,2.0,1.0,24.0,7.0,4.0,3.0,2.0,0.0,1.2,1.2,11.0,10.0,4.0,2.0,1,1,1.0,0.0,2.0,2.0,1.2,1.0,9.0,10.0,3.0,2.0
20,3.0,Tottenham,Wolves,H,1,0,1.7,0.7,11.0,20.0,4.0,3.0,6.0,1.0,2.5,2.2,28.0,22.0,13.0,7.0,3,0,4.0,1.0,3.0,2.0,2.1,2.3,26.0,21.0,5.0,7.0
21,3.0,Leicester City,Southampton,A,1,2,0.3,0.9,6.0,9.0,1.0,3.0,4.0,3.0,1.1,1.7,20.0,24.0,7.0,6.0,0,3,1.0,1.0,6.0,6.0,3.5,3.3,27.0,31.0,10.0,13.0
22,3.0,Everton,Nott'ham Forest,D,1,1,1.5,1.0,19.0,14.0,8.0,5.0,1.0,1.0,2.3,1.6,23.0,18.0,8.0,6.0,1,1,0.0,3.0,3.0,2.0,3.8,3.8,27.0,42.0,10.0,15.0
23,3.0,Crystal Palace,Aston Villa,H,3,1,2.6,0.9,17.0,13.0,9.0,5.0,1.0,2.0,2.2,3.0,17.0,27.0,5.0,6.0,3,0,1.0,3.0,3.0,3.0,3.0,2.2,34.0,22.0,6.0,7.0
24,3.0,Fulham,Brentford,H,3,2,2.4,1.8,18.0,13.0,9.0,5.0,2.0,6.0,2.7,2.4000000000000004,18.0,21.0,6.0,10.0,3,0,2.0,4.0,2.0,2.0,2.1,1.5,18.0,29.0,5.0,9.0
25,3.0,Bournemouth,Arsenal,A,0,3,0.3,1.3,6.0,14.0,1.0,6.0,2.0,6.0,0.7,3.7,10.0,29.0,4.0,9.0,0,3,3.0,6.0,4.0,2.0,2.4,1.7,34.0,16.0,9.0,4.0
26,3.0,Leeds United,Chelsea,H,3,0,2.1,0.9,12.0,14.0,6.0,3.0,4.0,3.0,2.6,3.1,25.0,31.0,9.0,9.0,3,0,4.0,4.0,3.0,2.0,2.5,1.7,29.0,18.0,10.0,9.0
27,3.0,West Ham,Brighton,A,0,2,0.8,1.7,13.0,11.0,3.0,2.0,0.0,2.0,2.6,3.0,25.0,28.0,6.0,11.0,0,3,0.0,4.0,3.0,1.0,3.5,1.5999999999999999,27.0,21.0,8.0,6.0
28,3.0,Newcastle Utd,Manchester City,D,3,3,1.8,2.1,12.0,21.0,6.0,10.0,2.0,6.0,1.9,3.9000000000000004,27.0,33.0,11.0,9.0,1,1,4.0,6.0,0.0,0.0,1.8,0.6,18.0,9.0,7.0,2.0
29,3.0,Manchester Utd,Liverpool,H,2,1,1.8,1.3,12.0,17.0,4.0,5.0,1.0,3.0,2.3,3.2,32.0,35.0,9.0,8.0,3,0,0.0,2.0,6.0,3.0,3.1,2.2,28.0,16.0,11.0,6.0
30,4.0,Southampton,Manchester Utd,A,0,1,1.4,1.1,17.0,11.0,5.0,6.0,5.0,3.0,2.5999999999999996,4.1000000000000005,33.0,44.0,9.0,13.0,0,3,4.0,3.0,7.0,7.0,3.6,4.4,37.0,45.0,14.0,16.0
31,4.0,Manchester City,Crystal Palace,H,4,2,2.2,0.1,18.0,2.0,5.0,2.0,9.0,4.0,6.000000000000001,4.8,54.0,34.0,19.0,14.0,3,0,7.0,4.0,3.0,4.0,2.4,3.9,21.0,47.0,8.0,11.0
32,4.0,Brighton,Leeds United,H,1,0,2.0,1.8,13.0,10.0,4.0,2.0,4.0,7.0,4.7,4.7,39.0,37.0,13.0,15.0,3,0,7.0,7.0,1.0,3.0,2.4000000000000004,3.4000000000000004,34.0,43.0,9.0,13.0
33,4.0,Chelsea,Leicester City,H,2,1,1.8,2.5,7.0,17.0,3.0,5.0,3.0,5.0,4.0,1.4,45.0,26.0,12.0,8.0,3,0,4.0,1.0,5.0,8.0,3.8,4.4,30.0,36.0,15.0,13.0
34,4.0,Brentford,Everton,D,1,1,2.1,1.1,19.0,14.0,5.0,7.0,8.0,2.0,4.2,3.8000000000000003,34.0,42.0,15.0,16.0,1,1,4.0,1.0,5.0,4.0,3.9,4.8,47.0,41.0,18.0,15.0
35,4.0,Liverpool,Bournemouth,H,9,0,3.3,0.3,19.0,5.0,12.0,2.0,4.0,2.0,4.5,0.9999999999999999,52.0,16.0,13.0,5.0,3,0,2.0,3.0,5.0,7.0,4.0,3.7,28.0,48.0,10.0,15.0
36,4.0,Arsenal,Fulham,H,2,1,2.6,0.8,22.0,11.0,8.0,3.0,9.0,5.0,5.0,5.1,43.0,36.0,15.0,15.0,3,0,9.0,5.0,2.0,4.0,2.0,3.9,22.0,31.0,5.0,10.0
37,4.0,Wolves,Newcastle Utd,D,1,1,0.7,1.7,10.0,21.0,4.0,6.0,1.0,5.0,2.9,3.7,42.0,39.0,10.0,17.0,1,1,1.0,5.0,3.0,3.0,4.0,3.9,32.0,39.0,11.0,17.0
38,4.0,Aston Villa,West Ham,A,0,1,0.5,0.6,9.0,7.0,3.0,2.0,3.0,0.0,3.9,3.4000000000000004,40.0,38.0,11.0,9.0,0,3,3.0,0.0,6.0,5.0,4.800000000000001,5.2,39.0,38.0,16.0,10.0
39,4.0,Nott'ham Forest,Tottenham,A,0,2,0.9,2.4,17.0,18.0,1.0,7.0,2.0,7.0,2.6,4.2,32.0,39.0,11.0,17.0,0,3,4.0,7.0,3.0,3.0,5.300000000000001,2.8,61.0,46.0,23.0,8.0
40,5.0,Fulham,Brighton,H,2,1,0.7,1.4,10.0,7.0,3.0,4.0,4.0,3.0,4.699999999999999,5.2,38.0,37.0,15.0,13.0,3,0,4.0,7.0,4.0,0.0,5.3,2.8,42.0,27.0,14.0,6.0
41,5.0,Crystal Palace,Brentford,D,1,1,1.0,1.4,13.0,9.0,4.0,3.0,6.0,7.0,3.7,5.5,26.0,45.0,14.0,17.0,1,1,4.0,4.0,6.0,4.0,5.1000000000000005,4.4,55.0,47.0,14.0,20.0
42,5.0,Southampton,Chelsea,H,2,1,1.1,1.1,9.0,10.0,7.0,4.0,4.0,4.0,3.4999999999999996,4.300000000000001,40.0,37.0,12.0,9.0,3,0,4.0,4.0,4.0,6.0,3.2,5.6,30.0,39.0,12.0,16.0
43,5.0,Leeds United,Everton,D,1,1,1.0,1.0,14.0,7.0,5.0,2.0,5.0,3.0,5.7,4.2,35.0,48.0,13.0,19.0,1,1,4.0,2.0,3.0,4.0,4.1000000000000005,5.4,41.0,45.0,11.0,14.0
44,5.0,Bournemouth,Wolves,D,0,0,0.4,1.5,5.0,17.0,2.0,4.0,0.0,1.0,0.7,2.3,14.0,37.0,4.0,8.0,1,1,0.0,2.0,16.0,2.0,6.3,4.9,52.0,41.0,25.0,13.0
45,5.0,Manchester City,Nott'ham Forest,H,6,0,3.3,0.7,17.0,8.0,9.0,1.0,11.0,2.0,6.0,3.2,58.0,44.0,22.0,12.0,3,0,7.0,4.0,5.0,3.0,2.0,6.0,17.0,56.0,9.0,20.0
46,5.0,Arsenal,Aston Villa,H,2,1,2.4,0.4,22.0,4.0,9.0,3.0,9.0,3.0,6.6000000000000005,3.6999999999999997,55.0,34.0,21.0,12.0,3,0,9.0,3.0,3.0,5.0,1.6,4.800000000000001,23.0,39.0,6.0,15.0
47,5.0,West Ham,Tottenham,D,1,1,1.2,0.6,14.0,13.0,4.0,4.0,1.0,5.0,3.5,5.1,39.0,39.0,10.0,16.0,1,1,3.0,7.0,3.0,2.0,3.5,3.2,33.0,53.0,11.0,7.0
48,5.0,Liverpool,Newcastle Utd,H,2,1,1.5,0.7,23.0,5.0,6.0,2.0,11.0,4.0,6.6,3.7,60.0,37.0,21.0,13.0,3,0,4.0,3.0,3.0,4.0,3.1,4.300000000000001,24.0,44.0,9.0,21.0
49,5.0,Leicester City,Manchester Utd,A,0,1,0.7,1.5,10.0,9.0,2.0,2.0,4.0,3.0,3.3,3.8,29.0,38.0,8.0,14.0,0,3,0.0,6.0,8.0,5.0,5.4,4.3,35.0,47.0,13.0,17.0
50,6.0,Everton,Liverpool,D,0,0,1.7,2.1,14.0,23.0,3.0,8.0,3.0,12.0,3.6,6.1,40.0,59.0,17.0,23.0,1,1,3.0,6.0,3.0,3.0,4.1,2.8,47.0,22.0,15.0,8.0
51,6.0,Nott'ham Forest,Bournemouth,A,2,3,1.9,0.8,11.0,8.0,3.0,3.0,1.0,0.0,2.6,1.0,39.0,16.0,7.0,5.0,0,3,1.0,1.0,9.0,12.0,7.199999999999999,6.1,54.0,50.0,24.0,22.0
52,6.0,Wolves,Southampton,H,1,0,0.8,1.2,7.0,12.0,2.0,1.0,1.0,4.0,2.9000000000000004,3.4,47.0,35.0,11.0,15.0,3,0,2.0,6.0,2.0,3.0,3.8,2.5,37.0,27.0,12.0,11.0
53,6.0,Newcastle Utd,Crystal Palace,D,0,0,2.8,1.0,23.0,19.0,6.0,9.0,5.0,6.0,4.2,3.7,38.0,32.0,14.0,15.0,1,1,2.0,4.0,6.0,6.0,4.300000000000001,4.5,54.0,40.0,20.0,13.0
54,6.0,Brentford,Leeds United,H,5,2,2.3,1.7,14.0,17.0,8.0,6.0,4.0,4.0,5.300000000000001,4.9,41.0,36.0,13.0,13.0,3,0,2.0,4.0,5.0,2.0,4.5,3.9,45.0,34.0,20.0,9.0
55,6.0,Tottenham,Fulham,H,2,1,2.9,0.7,23.0,9.0,10.0,3.0,4.0,6.0,4.7,3.8999999999999995,42.0,39.0,15.0,15.0,3,0,7.0,6.0,1.0,5.0,2.8,5.800000000000001,51.0,42.0,8.0,17.0
56,6.0,Chelsea,West Ham,H,2,1,0.9,1.1,8.0,6.0,3.0,3.0,3.0,2.0,3.8,2.6,31.0,34.0,10.0,9.0,3,0,3.0,4.0,6.0,3.0,5.7,2.8,38.0,33.0,18.0,9.0
57,6.0,Aston Villa,Manchester City,D,1,1,0.3,2.1,3.0,13.0,1.0,4.0,2.0,13.0,1.8,7.6,26.0,56.0,11.0,24.0,1,1,0.0,7.0,6.0,5.0,5.6,2.6,46.0,22.0,20.0,9.0
58,6.0,Brighton,Leicester City,H,5,2,2.6,1.4,23.0,6.0,11.0,4.0,4.0,2.0,5.1,3.5,31.0,33.0,10.0,8.0,3,0,6.0,0.0,2.0,5.0,3.3,4.2,33.0,25.0,8.0,8.0
59,6.0,Manchester Utd,Arsenal,H,3,1,1.5,1.3,10.0,16.0,6.0,3.0,4.0,7.0,4.4,6.3,32.0,58.0,12.0,23.0,3,0,9.0,9.0,1.0,2.0,3.3999999999999995,1.5000000000000002,44.0,21.0,12.0,7.0
60,8.0,Aston Villa,Southampton,H,1,0,0.9,0.3,11.0,7.0,3.0,1.0,2.0,2.0,1.2000000000000002,3.7,16.0,38.0,7.0,13.0,3,0,1.0,3.0,4.0,3.0,5.1,3.0,42.0,28.0,15.0,12.0
61,8.0,Nott'ham Forest,Fulham,A,2,3,1.4,0.9,11.0,15.0,3.0,7.0,2.0,4.0,3.5,2.2,36.0,30.0,5.0,9.0,0,3,0.0,3.0,11.0,5.0,6.5,6.9,43.0,52.0,19.0,22.0
62,8.0,Wolves,Manchester City,A,0,3,0.4,1.1,6.0,16.0,1.0,7.0,2.0,11.0,3.0,7.6,34.0,48.0,10.0,18.0,0,3,5.0,7.0,1.0,3.0,3.3,1.0999999999999999,38.0,13.0,9.0,4.0
63,8.0,Newcastle Utd,Bournemouth,D,1,1,1.9,0.7,20.0,10.0,7.0,3.0,2.0,3.0,5.199999999999999,1.5,49.0,18.0,14.0,7.0,1,1,2.0,4.0,3.0,11.0,3.2,6.699999999999999,52.0,47.0,19.0,19.0
64,8.0,Tottenham,Leicester City,H,6,2,2.2,1.8,16.0,19.0,11.0,7.0,5.0,3.0,5.9,4.6,54.0,33.0,21.0,11.0,3,0,7.0,0.0,2.0,8.0,2.8,5.9,40.0,39.0,8.0,16.0
65,8.0,Brentford,Arsenal,A,0,3,0.5,1.5,5.0,13.0,2.0,7.0,7.0,5.0,5.800000000000001,6.3,42.0,60.0,16.0,20.0,0,3,5.0,6.0,4.0,5.0,3.8,2.7,44.0,25.0,17.0,12.0
66,8.0,Everton,West Ham,H,1,0,0.4,1.0,7.0,14.0,2.0,4.0,2.0,3.0,3.8,2.9000000000000004,35.0,27.0,12.0,9.0,3,0,3.0,4.0,2.0,3.0,5.2,2.0,56.0,30.0,18.0,10.0
67,9.0,Arsenal,Tottenham,H,3,1,2.4,1.6,22.0,7.0,9.0,3.0,6.0,9.0,5.199999999999999,5.699999999999999,51.0,52.0,19.0,25.0,3,0,6.0,7.0,4.0,4.0,2.4,3.7,19.0,42.0,11.0,14.0
68,9.0,Southampton,Everton,A,1,2,1.7,2.0,22.0,12.0,6.0,5.0,2.0,2.0,2.6,3.1,28.0,28.0,9.0,7.0,0,3,3.0,5.0,3.0,1.0,2.8000000000000003,4.1,28.0,51.0,9.0,17.0
69,9.0,Crystal Palace,Chelsea,A,1,2,0.4,1.1,7.0,13.0,3.0,3.0,3.0,5.0,2.1,3.8000000000000003,34.0,25.0,15.0,10.0,0,3,2.0,6.0,5.0,4.0,6.4,4.7,50.0,32.0,14.0,15.0
70,9.0,Liverpool,Brighton,D,3,3,1.5,1.4,15.0,6.0,7.0,6.0,11.0,7.0,6.9,6.0,65.0,43.0,26.0,19.0,1,1,7.0,6.0,1.0,4.0,2.7,3.9000000000000004,24.0,26.0,7.0,9.0
71,9.0,Fulham,Newcastle Utd,A,1,4,0.5,3.3,3.0,19.0,1.0,10.0,6.0,2.0,2.3,5.3999999999999995,34.0,48.0,13.0,15.0,0,3,6.0,2.0,5.0,3.0,5.699999999999999,3.2,41.0,52.0,17.0,18.0
72,9.0,Bournemouth,Brentford,D,0,0,0.4,0.9,7.0,13.0,1.0,4.0,4.0,6.0,1.9,4.199999999999999,23.0,28.0,8.0,13.0,1,1,5.0,4.0,3.0,6.0,5.3,4.2,48.0,43.0,14.0,17.0
73,9.0,West Ham,Wolves,H,2,0,0.9,0.7,18.0,15.0,5.0,4.0,2.0,1.0,3.3,2.7,34.0,30.0,11.0,7.0,3,0,1.0,4.0,4.0,3.0,1.9,2.6999999999999997,28.0,33.0,9.0,10.0
74,9.0,Manchester City,Manchester Utd,H,6,3,3.2,1.7,22.0,12.0,10.0,8.0,10.0,5.0,6.5,4.1,46.0,30.0,20.0,14.0,3,0,7.0,9.0,1.0,1.0,1.4,3.3999999999999995,17.0,43.0,3.0,10.0
75,9.0,Leeds United,Aston Villa,D,0,0,0.4,2.2,9.0,19.0,1.0,7.0,3.0,3.0,4.5,1.6,41.0,18.0,13.0,7.0,1,1,1.0,4.0,7.0,3.0,5.3,4.8,34.0,42.0,14.0,14.0
76,9.0,Leicester City,Nott'ham Forest,H,4,0,1.3,1.1,17.0,10.0,7.0,3.0,4.0,4.0,3.9000000000000004,4.0,35.0,30.0,13.0,7.0,3,0,0.0,0.0,12.0,12.0,6.300000000000001,5.0,48.0,40.0,24.0,19.0
77,10.0,Bournemouth,Leicester City,H,2,1,1.1,1.0,10.0,9.0,4.0,5.0,4.0,8.0,1.9,4.5,25.0,42.0,7.0,18.0,3,0,5.0,3.0,3.0,11.0,4.7,5.9,44.0,49.0,14.0,25.0
78,10.0,Newcastle Utd,Brentford,H,5,1,1.5,1.2,16.0,6.0,6.0,3.0,5.0,5.0,7.999999999999999,3.6999999999999997,62.0,32.0,23.0,14.0,3,0,5.0,4.0,2.0,5.0,2.2,3.6,32.0,37.0,13.0,14.0
79,10.0,Manchester City,Southampton,H,4,0,2.4,0.2,21.0,5.0,8.0,0.0,10.0,1.0,6.4,3.2,51.0,41.0,21.0,8.0,3,0,7.0,0.0,4.0,4.0,2.4,3.7,21.0,30.0,10.0,10.0
80,10.0,Chelsea,Wolves,H,3,0,1.9,1.1,20.0,8.0,7.0,2.0,5.0,1.0,3.1,1.9000000000000001,31.0,28.0,10.0,7.0,3,0,6.0,3.0,4.0,5.0,2.6,3.1999999999999997,22.0,46.0,13.0,13.0
81,10.0,Brighton,Tottenham,A,0,1,0.7,0.8,14.0,8.0,4.0,3.0,9.0,9.0,5.4,6.699999999999999,36.0,46.0,21.0,24.0,0,3,4.0,6.0,7.0,6.0,3.6,4.9,31.0,50.0,14.0,19.0
82,10.0,West Ham,Fulham,H,3,1,2.4,0.7,17.0,8.0,8.0,2.0,3.0,5.0,3.0,2.1,38.0,27.0,12.0,11.0,3,0,3.0,3.0,3.0,8.0,2.0,7.6,30.0,53.0,9.0,23.0
83,10.0,Crystal Palace,Leeds United,H,2,1,1.1,1.0,13.0,10.0,5.0,4.0,2.0,3.0,2.4,3.0999999999999996,39.0,40.0,16.0,12.0,3,0,2.0,2.0,3.0,6.0,5.3,5.5,45.0,40.0,12.0,17.0
84,10.0,Arsenal,Liverpool,H,3,2,2.7,1.1,11.0,8.0,7.0,3.0,7.0,5.0,5.199999999999999,5.1,51.0,61.0,19.0,21.0,3,0,6.0,5.0,4.0,4.0,3.6,3.8,22.0,25.0,11.0,11.0
85,10.0,Everton,Manchester Utd,A,1,2,0.6,1.4,11.0,12.0,2.0,4.0,3.0,7.0,4.1,4.7,33.0,31.0,10.0,16.0,0,3,7.0,6.0,1.0,7.0,4.8,5.2,59.0,48.0,18.0,15.0
86,10.0,Nott'ham Forest,Aston Villa,D,1,1,0.3,0.7,6.0,12.0,3.0,2.0,4.0,2.0,4.4,3.4000000000000004,32.0,33.0,9.0,11.0,1,1,0.0,5.0,10.0,1.0,3.0,2.8,40.0,29.0,17.0,6.0
87,11.0,Brentford,Brighton,H,2,0,1.5,1.9,7.0,21.0,3.0,7.0,1.0,8.0,2.6,4.699999999999999,24.0,43.0,9.0,21.0,3,0,1.0,4.0,8.0,6.0,3.4,3.7,36.0,29.0,14.0,14.0
88,11.0,Leicester City,Crystal Palace,D,0,0,1.0,0.4,14.0,8.0,5.0,1.0,7.0,3.0,4.1,2.5,45.0,39.0,19.0,17.0,1,1,3.0,4.0,8.0,3.0,4.4,4.9,36.0,46.0,18.0,13.0
89,11.0,Fulham,Bournemouth,D,2,2,2.1,1.0,19.0,10.0,4.0,6.0,5.0,3.0,2.1,2.2,26.0,27.0,10.0,8.0,1,1,3.0,5.0,9.0,2.0,7.1,3.8,47.0,42.0,21.0,16.0
90,11.0,Wolves,Nott'ham Forest,H,1,0,1.3,1.5,9.0,10.0,2.0,2.0,0.0,3.0,2.2,2.8,29.0,27.0,7.0,9.0,3,0,0.0,1.0,8.0,8.0,3.9,2.9000000000000004,54.0,44.0,19.0,16.0
91,11.0,Tottenham,Everton,H,2,0,2.2,0.4,21.0,4.0,7.0,0.0,8.0,4.0,4.6000000000000005,3.0,31.0,30.0,17.0,9.0,3,0,6.0,6.0,5.0,3.0,4.8999999999999995,4.1,55.0,48.0,20.0,14.0
92,11.0,Southampton,West Ham,D,1,1,0.5,1.7,10.0,25.0,8.0,4.0,1.0,5.0,2.2,4.3,34.0,49.0,7.0,17.0,1,1,0.0,6.0,7.0,2.0,5.3,1.7999999999999998,44.0,30.0,16.0,8.0
93,11.0,Aston Villa,Chelsea,A,0,2,1.8,0.9,18.0,8.0,7.0,4.0,2.0,7.0,3.8000000000000003,3.9,42.0,41.0,12.0,13.0,0,3,5.0,9.0,1.0,2.0,1.0,2.6,22.0,21.0,5.0,8.0
94,11.0,Leeds United,Arsenal,A,0,1,1.8,0.5,16.0,9.0,4.0,4.0,3.0,9.0,3.1,6.6,36.0,46.0,11.0,23.0,0,3,1.0,9.0,7.0,3.0,5.6,3.2,46.0,20.0,20.0,8.0
95,11.0,Manchester Utd,Newcastle Utd,D,0,0,0.8,0.8,15.0,9.0,2.0,2.0,8.0,10.0,4.6,6.699999999999999,34.0,55.0,18.0,23.0,1,1,6.0,7.0,8.0,3.0,5.1000000000000005,2.4,49.0,19.0,15.0,7.0
96,11.0,Liverpool,Manchester City,H,1,0,2.1,1.0,13.0,16.0,2.0,6.0,5.0,13.0,4.7,6.699999999999999,46.0,59.0,18.0,25.0,3,0,2.0,9.0,6.0,3.0,5.800000000000001,2.3,31.0,23.0,16.0,9.0
97,12.0,Brighton,Nott'ham Forest,D,0,0,1.7,0.1,19.0,3.0,7.0,0.0,3.0,1.0,4.0,2.9,41.0,26.0,17.0,8.0,1,1,1.0,1.0,6.0,6.0,3.8,3.3,30.0,38.0,13.0,11.0
98,12.0,Crystal Palace,Wolves,H,2,1,1.2,0.8,14.0,10.0,4.0,4.0,3.0,1.0,1.9,3.1,28.0,32.0,9.0,8.0,3,0,4.0,3.0,3.0,5.0,3.1,4.3,37.0,48.0,12.0,14.0
99,12.0,Bournemouth,Southampton,A,0,1,1.0,1.0,15.0,9.0,3.0,3.0,4.0,2.0,2.5,2.4000000000000004,27.0,37.0,11.0,14.0,0,3,5.0,1.0,3.0,7.0,4.0,6.1,41.0,58.0,13.0,17.0
100,12.0,Brentford,Chelsea,D,0,0,1.3,0.9,8.0,14.0,5.0,5.0,3.0,7.0,3.6,3.9,26.0,41.0,10.0,14.0,1,1,4.0,9.0,5.0,1.0,3.8,3.3000000000000003,44.0,33.0,14.0,12.0
101,12.0,Liverpool,West Ham,H,1,0,1.7,1.7,22.0,8.0,7.0,3.0,6.0,6.0,4.7,5.0,36.0,60.0,12.0,17.0,3,0,4.0,7.0,6.0,2.0,5.1,1.9,33.0,33.0,19.0,14.0
102,12.0,Newcastle Utd,Everton,H,1,0,1.5,0.2,16.0,1.0,4.0,0.0,9.0,3.0,5.6,3.0,44.0,27.0,18.0,7.0,3,0,7.0,3.0,2.0,5.0,2.5,5.300000000000001,24.0,55.0,6.0,17.0
103,12.0,Manchester Utd,Tottenham,H,2,0,1.5,0.6,28.0,9.0,10.0,2.0,5.0,4.0,3.8999999999999995,4.6000000000000005,39.0,36.0,14.0,13.0,3,0,4.0,6.0,7.0,3.0,4.6000000000000005,3.4999999999999996,42.0,40.0,14.0,13.0
104,12.0,Fulham,Aston Villa,H,3,0,2.1,1.2,18.0,12.0,8.0,6.0,4.0,1.0,3.3,4.7,30.0,49.0,7.0,16.0,3,0,1.0,2.0,9.0,3.0,6.699999999999999,1.6,46.0,23.0,24.0,8.0
105,12.0,Leicester City,Leeds United,H,2,0,0.8,1.3,5.0,14.0,1.0,2.0,5.0,1.0,3.3,3.2,40.0,35.0,17.0,9.0,3,0,4.0,1.0,2.0,3.0,2.6,3.8000000000000003,28.0,41.0,8.0,16.0
106,13.0,Nott'ham Forest,Liverpool,H,1,0,1.9,1.6,10.0,15.0,7.0,7.0,1.0,4.0,1.9000000000000001,4.9,19.0,43.0,5.0,12.0,3,0,2.0,6.0,2.0,3.0,3.7,5.4,40.0,35.0,11.0,16.0
107,13.0,Everton,Crystal Palace,H,3,0,1.4,0.9,9.0,9.0,6.0,2.0,1.0,4.0,1.2000000000000002,2.6999999999999997,16.0,35.0,2.0,10.0,3,0,0.0,7.0,5.0,2.0,5.1,2.8,49.0,34.0,15.0,13.0
108,13.0,Manchester City,Brighton,H,3,1,1.6,0.5,10.0,8.0,4.0,2.0,10.0,0.0,6.6,4.3,59.0,54.0,24.0,18.0,3,0,6.0,1.0,4.0,3.0,4.0,2.4,30.0,18.0,10.0,6.0
109,13.0,Chelsea,Manchester Utd,D,1,1,1.1,0.8,6.0,13.0,2.0,6.0,5.0,4.0,3.7,3.6999999999999997,42.0,55.0,16.0,16.0,1,1,7.0,7.0,0.0,1.0,4.2,2.0,34.0,29.0,14.0,6.0
110,13.0,Aston Villa,Brentford,H,4,0,2.8,0.9,19.0,12.0,11.0,3.0,1.0,3.0,3.7,4.0,42.0,21.0,15.0,11.0,3,0,1.0,4.0,6.0,5.0,3.3,4.3,32.0,51.0,15.0,18.0
111,13.0,Wolves,Leicester City,A,0,4,2.1,0.9,21.0,5.0,5.0,4.0,2.0,3.0,3.2,2.8,27.0,28.0,8.0,11.0,0,3,3.0,4.0,5.0,2.0,4.6,2.8000000000000003,44.0,32.0,13.0,7.0
112,13.0,Leeds United,Fulham,A,2,3,1.6,1.8,14.0,11.0,5.0,5.0,1.0,6.0,4.1,4.9,40.0,45.0,10.0,14.0,0,3,0.0,4.0,5.0,5.0,2.4000000000000004,4.6,27.0,39.0,10.0,20.0
113,13.0,Southampton,Arsenal,D,1,1,0.7,1.0,10.0,12.0,3.0,3.0,2.0,7.0,1.7,5.6,24.0,42.0,11.0,20.0,1,1,4.0,9.0,5.0,3.0,5.1,4.5,61.0,31.0,15.0,10.0
114,13.0,Tottenham,Newcastle Utd,A,1,2,1.6,1.2,17.0,13.0,5.0,5.0,3.0,6.0,3.6,3.8,38.0,41.0,12.0,12.0,0,3,6.0,7.0,2.0,1.0,2.6,2.2,46.0,22.0,14.0,5.0
115,13.0,West Ham,Bournemouth,H,2,0,1.9,0.4,20.0,5.0,4.0,3.0,4.0,4.0,5.8,3.1,50.0,35.0,15.0,13.0,3,0,4.0,4.0,3.0,4.0,2.9000000000000004,4.1,40.0,37.0,17.0,12.0
116,14.0,Leicester City,Manchester City,A,0,1,0.7,1.0,10.0,15.0,5.0,5.0,6.0,7.0,2.7,5.0,24.0,47.0,10.0,18.0,0,3,7.0,6.0,0.0,2.0,3.8000000000000003,2.8,43.0,26.0,8.0,4.0
117,14.0,Brentford,Wolves,D,1,1,1.4,0.6,12.0,14.0,3.0,4.0,2.0,2.0,3.6999999999999997,4.2,27.0,40.0,11.0,11.0,1,1,4.0,3.0,4.0,6.0,5.6,3.5999999999999996,54.0,29.0,23.0,10.0
118,14.0,Crystal Palace,Southampton,H,1,0,0.9,1.3,12.0,14.0,3.0,4.0,2.0,3.0,2.5,2.2,31.0,29.0,7.0,14.0,3,0,4.0,5.0,4.0,2.0,3.2,3.7,33.0,52.0,15.0,10.0
119,14.0,Newcastle Utd,Aston Villa,H,4,0,3.4,0.4,20.0,3.0,7.0,0.0,3.0,4.0,3.5,5.8,38.0,49.0,11.0,24.0,3,0,7.0,3.0,1.0,5.0,2.6000000000000005,3.9000000000000004,33.0,38.0,7.0,15.0
120,14.0,Brighton,Chelsea,H,4,1,2.4,1.4,19.0,15.0,9.0,7.0,1.0,3.0,4.1,2.9000000000000004,48.0,28.0,16.0,11.0,3,0,1.0,5.0,5.0,1.0,3.2,3.9000000000000004,20.0,39.0,7.0,18.0
121,14.0,Bournemouth,Tottenham,A,2,3,0.5,2.0,6.0,23.0,4.0,7.0,2.0,3.0,2.4,4.4,30.0,47.0,12.0,14.0,0,3,1.0,3.0,5.0,4.0,5.0,3.1,48.0,45.0,11.0,15.0
122,14.0,Fulham,Everton,D,0,0,1.9,0.9,24.0,9.0,6.0,4.0,8.0,3.0,6.0,2.0,48.0,14.0,17.0,6.0,1,1,7.0,3.0,4.0,3.0,3.8000000000000003,4.6000000000000005,36.0,46.0,17.0,13.0
123,14.0,Liverpool,Leeds United,A,1,2,1.7,1.8,22.0,14.0,10.0,6.0,2.0,2.0,5.4,4.7,50.0,44.0,16.0,11.0,0,3,6.0,0.0,1.0,6.0,4.6,3.0999999999999996,34.0,25.0,16.0,10.0
124,14.0,Arsenal,Nott'ham Forest,H,5,0,2.3,0.4,24.0,5.0,10.0,2.0,5.0,1.0,4.2,3.5,32.0,23.0,14.0,9.0,3,0,7.0,4.0,3.0,1.0,3.6,4.6,34.0,43.0,10.0,16.0
125,14.0,Manchester Utd,West Ham,H,1,0,1.2,1.1,16.0,13.0,3.0,5.0,3.0,3.0,3.0999999999999996,5.3,56.0,53.0,18.0,11.0,3,0,5.0,4.0,1.0,2.0,2.5,2.6,24.0,37.0,6.0,18.0
126,15.0,Nott'ham Forest,Brentford,D,2,2,1.5,1.5,15.0,6.0,7.0,2.0,1.0,1.0,2.4,3.6,18.0,32.0,9.0,11.0,1,1,4.0,2.0,5.0,5.0,5.6,4.3,58.0,47.0,24.0,20.0
127,15.0,Leeds United,Bournemouth,H,4,3,2.2,1.5,18.0,9.0,4.0,6.0,4.0,2.0,4.7,1.9,42.0,26.0,13.0,10.0,3,0,3.0,0.0,6.0,6.0,4.3,4.9,38.0,52.0,16.0,14.0
128,15.0,Manchester City,Fulham,H,2,1,2.1,1.0,16.0,4.0,5.0,2.0,4.0,6.0,3.6,5.8,41.0,53.0,15.0,19.0,3,0,6.0,7.0,2.0,2.0,3.3,3.7,31.0,35.0,9.0,15.0
129,15.0,Wolves,Brighton,A,2,3,1.2,1.5,8.0,19.0,5.0,8.0,2.0,5.0,3.5,4.6,45.0,46.0,13.0,18.0,0,3,1.0,4.0,7.0,4.0,3.4999999999999996,3.1,31.0,28.0,11.0,11.0
130,15.0,Everton,Leicester City,A,0,2,1.2,2.3,12.0,22.0,2.0,8.0,3.0,6.0,2.5,2.4,19.0,20.0,10.0,10.0,0,3,4.0,6.0,1.0,1.0,4.3,4.4,49.0,50.0,12.0,12.0
131,15.0,Chelsea,Arsenal,A,0,1,0.3,2.1,5.0,14.0,1.0,2.0,2.0,7.0,3.4,3.8,35.0,45.0,14.0,17.0,0,3,2.0,7.0,5.0,1.0,4.5,2.9,40.0,31.0,20.0,9.0
132,15.0,West Ham,Crystal Palace,A,1,2,0.3,1.0,5.0,15.0,2.0,6.0,2.0,3.0,4.699999999999999,3.0,41.0,35.0,12.0,9.0,0,3,3.0,6.0,2.0,4.0,3.3,3.5,43.0,33.0,13.0,14.0
133,15.0,Southampton,Newcastle Utd,A,1,4,1.7,0.9,16.0,7.0,5.0,4.0,2.0,7.0,3.0,6.1000000000000005,33.0,49.0,10.0,16.0,0,3,4.0,9.0,2.0,1.0,2.9,2.2,39.0,21.0,9.0,5.0
134,15.0,Aston Villa,Manchester Utd,H,3,1,0.6,0.5,6.0,8.0,4.0,3.0,4.0,4.0,4.4,3.5,34.0,57.0,17.0,19.0,3,0,3.0,7.0,7.0,1.0,6.4,2.8000000000000003,50.0,28.0,18.0,9.0
135,15.0,Tottenham,Liverpool,A,1,2,1.2,1.2,14.0,13.0,5.0,6.0,4.0,2.0,4.2,5.0,49.0,59.0,14.0,24.0,0,3,3.0,3.0,6.0,3.0,3.2,5.4,47.0,32.0,19.0,16.0
136,16.0,Manchester City,Brentford,,0,0,0.0,0.0,,,,,6.0,3.0,4.7,3.8,41.0,30.0,14.0,8.0,0,0,9.0,2.0,2.0,7.0,2.2,4.8999999999999995,22.0,48.0,9.0,22.0
137,16.0,Tottenham,Leeds United,,0,0,0.0,0.0,,,,,5.0,8.0,4.8,5.6000000000000005,54.0,46.0,17.0,15.0,0,0,3.0,6.0,6.0,7.0,2.9,5.0,32.0,42.0,15.0,21.0
138,16.0,Liverpool,Southampton,,0,0,0.0,0.0,,,,,3.0,2.0,4.5,3.7,50.0,40.0,23.0,12.0,0,0,3.0,1.0,4.0,6.0,4.8999999999999995,2.8,38.0,31.0,18.0,10.0
139,16.0,Bournemouth,Everton,,0,0,0.0,0.0,,,,,5.0,3.0,2.4,3.4999999999999996,20.0,30.0,13.0,12.0,0,0,0.0,4.0,9.0,2.0,6.1,5.1,61.0,55.0,15.0,16.0
140,16.0,West Ham,Leicester City,,0,0,0.0,0.0,,,,,3.0,6.0,3.3,3.8999999999999995,38.0,37.0,11.0,17.0,0,0,3.0,6.0,3.0,1.0,2.5999999999999996,4.3,36.0,48.0,12.0,12.0
141,16.0,Nott'ham Forest,Crystal Palace,,0,0,0.0,0.0,,,,,3.0,3.0,3.8,2.8,30.0,36.0,16.0,11.0,0,0,4.0,6.0,7.0,4.0,5.4,3.0,45.0,28.0,19.0,12.0
142,16.0,Newcastle Utd,Chelsea,,0,0,0.0,0.0,,,,,10.0,2.0,5.5,2.8,40.0,26.0,16.0,10.0,0,0,9.0,1.0,2.0,6.0,3.6999999999999997,5.300000000000001,36.0,46.0,10.0,17.0
143,16.0,Wolves,Arsenal,,0,0,0.0,0.0,,,,,3.0,7.0,3.9,5.4,43.0,50.0,14.0,15.0,0,0,1.0,7.0,8.0,1.0,3.8,1.4,36.0,20.0,15.0,6.0
144,16.0,Brighton,Aston Villa,,0,0,0.0,0.0,,,,,8.0,7.0,4.4,3.8,46.0,28.0,19.0,15.0,0,0,6.0,6.0,6.0,5.0,4.199999999999999,4.8,33.0,40.0,16.0,13.0
145,16.0,Fulham,Manchester Utd,,0,0,0.0,0.0,,,,,4.0,3.0,4.699999999999999,2.5,39.0,37.0,13.0,12.0,0,0,4.0,4.0,4.0,4.0,4.6000000000000005,2.8000000000000003,39.0,25.0,14.0,11.0
146,17.0,Brentford,Tottenham,,0,0,0.0,0.0,,,,,3.0,4.0,2.9,3.2,18.0,37.0,5.0,12.0,0,0,2.0,3.0,3.0,4.0,2.1,1.7,29.0,19.0,11.0,10.0
147,17.0,Southampton,Brighton,,0,0,0.0,0.0,,,,,1.0,7.0,3.0,3.9,30.0,38.0,9.0,17.0,0,0,0.0,6.0,5.0,3.0,1.8,2.5999999999999996,19.0,23.0,7.0,12.0
148,17.0,Leicester City,Newcastle Utd,,0,0,0.0,0.0,,,,,2.0,8.0,3.0,4.3,32.0,27.0,13.0,11.0,0,0,3.0,6.0,1.0,1.0,2.2,2.1,27.0,19.0,7.0,5.0
149,17.0,Crystal Palace,Fulham,,0,0,0.0,0.0,,,,,3.0,1.0,1.9,2.9,27.0,28.0,9.0,8.0,0,0,6.0,1.0,1.0,2.0,1.6,3.0,19.0,25.0,6.0,9.0
150,17.0,Everton,Wolves,,0,0,0.0,0.0,,,,,0.0,3.0,2.1,1.7999999999999998,21.0,22.0,6.0,9.0,0,0,1.0,1.0,2.0,4.0,4.199999999999999,2.9,46.0,31.0,14.0,11.0
151,17.0,Aston Villa,Liverpool,,0,0,0.0,0.0,,,,,3.0,3.0,1.0,2.9,9.0,35.0,4.0,16.0,0,0,3.0,3.0,5.0,3.0,3.9,3.0,28.0,28.0,10.0,11.0
152,17.0,Arsenal,West Ham,,0,0,0.0,0.0,,,,,6.0,1.0,4.4,1.4000000000000001,38.0,18.0,12.0,7.0,0,0,6.0,0.0,0.0,3.0,0.7,2.2,10.0,31.0,3.0,9.0
153,17.0,Chelsea,Bournemouth,,0,0,0.0,0.0,,,,,1.0,5.0,1.7,2.0,20.0,15.0,8.0,10.0,0,0,0.0,0.0,5.0,7.0,4.5,4.2,33.0,41.0,11.0,11.0
154,17.0,Manchester Utd,Nott'ham Forest,,0,0,0.0,0.0,,,,,2.0,2.0,1.7,1.9,24.0,20.0,6.0,9.0,0,0,3.0,1.0,3.0,7.0,1.7000000000000002,3.8,19.0,30.0,9.0,12.0
155,17.0,Leeds United,Manchester City,,0,0,0.0,0.0,,,,,6.0,3.0,4.0,3.1,32.0,31.0,10.0,10.0,0,0,6.0,6.0,4.0,1.0,3.2,1.7,31.0,14.0,16.0,7.0
156,18.0,West Ham,Brentford,,0,0,0.0,0.0,,,,,1.0,2.0,0.3,1.5,5.0,6.0,2.0,2.0,0,0,0.0,1.0,2.0,2.0,1.0,1.5,15.0,15.0,6.0,7.0
157,18.0,Liverpool,Leicester City,,0,0,0.0,0.0,,,,,2.0,2.0,1.2,2.3,13.0,22.0,6.0,8.0,0,0,3.0,3.0,1.0,0.0,1.2,1.2,14.0,12.0,5.0,2.0
158,18.0,Wolves,Manchester Utd,,0,0,0.0,0.0,,,,,2.0,1.0,1.2,0.5,8.0,8.0,5.0,3.0,0,0,0.0,0.0,3.0,3.0,1.5,0.6,19.0,6.0,8.0,4.0
159,18.0,Newcastle Utd,Leeds United,,0,0,0.0,0.0,,,,,4.0,4.0,0.9,2.2,7.0,18.0,4.0,4.0,0,0,3.0,3.0,1.0,3.0,1.7,1.5,16.0,9.0,5.0,6.0
160,18.0,Fulham,Southampton,,0,0,0.0,0.0,,,,,1.0,1.0,1.0,1.7,4.0,16.0,2.0,5.0,0,0,0.0,0.0,2.0,4.0,2.1,0.9,16.0,7.0,5.0,4.0
161,18.0,Manchester City,Everton,,0,0,0.0,0.0,,,,,2.0,0.0,2.1,1.2,16.0,12.0,5.0,2.0,0,0,3.0,0.0,1.0,2.0,1.0,2.3,4.0,22.0,2.0,8.0
162,18.0,Bournemouth,Crystal Palace,,0,0,0.0,0.0,,,,,3.0,2.0,1.5,1.0,9.0,15.0,6.0,6.0,0,0,0.0,3.0,4.0,1.0,2.2,0.3,18.0,5.0,4.0,2.0
163,18.0,Brighton,Arsenal,,0,0,0.0,0.0,,,,,3.0,1.0,1.5,2.1,19.0,14.0,8.0,2.0,0,0,3.0,3.0,2.0,0.0,1.2,0.3,8.0,5.0,5.0,1.0
164,18.0,Tottenham,Aston Villa,,0,0,0.0,0.0,,,,,1.0,3.0,1.2,0.6,14.0,6.0,5.0,4.0,0,0,0.0,3.0,2.0,1.0,1.2,0.5,13.0,8.0,6.0,3.0
165,18.0,Nott'ham Forest,Chelsea,,0,0,0.0,0.0,,,,,2.0,0.0,1.5,0.3,15.0,5.0,7.0,1.0,0,0,1.0,0.0,2.0,1.0,1.5,2.1,6.0,14.0,2.0,2.0
166,19.0,Brentford,Liverpool,,0,0,0.0,0.0,,,,,0.0,0.0,0.0,0.0,0.0,0.0,0.0,0.0,0,0,0.0,0.0,0.0,0.0,0.0,0.0,0.0,0.0,0.0,0.0
167,19.0,Leicester City,Fulham,,0,0,0.0,0.0,,,,,0.0,0.0,0.0,0.0,0.0,0.0,0.0,0.0,0,0,0.0,0.0,0.0,0.0,0.0,0.0,0.0,0.0,0.0,0.0
168,19.0,Everton,Brighton,,0,0,0.0,0.0,,,,,0.0,0.0,0.0,0.0,0.0,0.0,0.0,0.0,0,0,0.0,0.0,0.0,0.0,0.0,0.0,0.0,0.0,0.0,0.0
169,19.0,Manchester Utd,Bournemouth,,0,0,0.0,0.0,,,,,0.0,0.0,0.0,0.0,0.0,0.0,0.0,0.0,0,0,0.0,0.0,0.0,0.0,0.0,0.0,0.0,0.0,0.0,0.0
170,19.0,Arsenal,Newcastle Utd,,0,0,0.0,0.0,,,,,0.0,0.0,0.0,0.0,0.0,0.0,0.0,0.0,0,0,0.0,0.0,0.0,0.0,0.0,0.0,0.0,0.0,0.0,0.0
171,19.0,Southampton,Nott'ham Forest,,0,0,0.0,0.0,,,,,0.0,0.0,0.0,0.0,0.0,0.0,0.0,0.0,0,0,0.0,0.0,0.0,0.0,0.0,0.0,0.0,0.0,0.0,0.0
172,19.0,Leeds United,West Ham,,0,0,0.0,0.0,,,,,0.0,0.0,0.0,0.0,0.0,0.0,0.0,0.0,0,0,0.0,0.0,0.0,0.0,0.0,0.0,0.0,0.0,0.0,0.0
173,19.0,Aston Villa,Wolves,,0,0,0.0,0.0,,,,,0.0,0.0,0.0,0.0,0.0,0.0,0.0,0.0,0,0,0.0,0.0,0.0,0.0,0.0,0.0,0.0,0.0,0.0,0.0
174,19.0,Crystal Palace,Tottenham,,0,0,0.0,0.0,,,,,0.0,0.0,0.0,0.0,0.0,0.0,0.0,0.0,0,0,0.0,0.0,0.0,0.0,0.0,0.0,0.0,0.0,0.0,0.0
175,19.0,Chelsea,Manchester City,,0,0,0.0,0.0,,,,,0.0,0.0,0.0,0.0,0.0,0.0,0.0,0.0,0,0,0.0,0.0,0.0,0.0,0.0,0.0,0.0,0.0,0.0,0.0
176,20.0,Everton,Southampton,,0,0,0.0,0.0,,,,,0.0,0.0,0.0,0.0,0.0,0.0,0.0,0.0,0,0,0.0,0.0,0.0,0.0,0.0,0.0,0.0,0.0,0.0,0.0
177,20.0,Wolves,West Ham,,0,0,0.0,0.0,,,,,0.0,0.0,0.0,0.0,0.0,0.0,0.0,0.0,0,0,0.0,0.0,0.0,0.0,0.0,0.0,0.0,0.0,0.0,0.0
178,20.0,Brentford,Bournemouth,,0,0,0.0,0.0,,,,,0.0,0.0,0.0,0.0,0.0,0.0,0.0,0.0,0,0,0.0,0.0,0.0,0.0,0.0,0.0,0.0,0.0,0.0,0.0
179,20.0,Tottenham,Arsenal,,0,0,0.0,0.0,,,,,0.0,0.0,0.0,0.0,0.0,0.0,0.0,0.0,0,0,0.0,0.0,0.0,0.0,0.0,0.0,0.0,0.0,0.0,0.0
180,20.0,Chelsea,Crystal Palace,,0,0,0.0,0.0,,,,,0.0,0.0,0.0,0.0,0.0,0.0,0.0,0.0,0,0,0.0,0.0,0.0,0.0,0.0,0.0,0.0,0.0,0.0,0.0
181,20.0,Nott'ham Forest,Leicester City,,0,0,0.0,0.0,,,,,0.0,0.0,0.0,0.0,0.0,0.0,0.0,0.0,0,0,0.0,0.0,0.0,0.0,0.0,0.0,0.0,0.0,0.0,0.0
182,20.0,Brighton,Liverpool,,0,0,0.0,0.0,,,,,0.0,0.0,0.0,0.0,0.0,0.0,0.0,0.0,0,0,0.0,0.0,0.0,0.0,0.0,0.0,0.0,0.0,0.0,0.0
183,20.0,Aston Villa,Leeds United,,0,0,0.0,0.0,,,,,0.0,0.0,0.0,0.0,0.0,0.0,0.0,0.0,0,0,0.0,0.0,0.0,0.0,0.0,0.0,0.0,0.0,0.0,0.0
184,20.0,Manchester Utd,Manchester City,,0,0,0.0,0.0,,,,,0.0,0.0,0.0,0.0,0.0,0.0,0.0,0.0,0,0,0.0,0.0,0.0,0.0,0.0,0.0,0.0,0.0,0.0,0.0
185,20.0,Newcastle Utd,Fulham,,0,0,0.0,0.0,,,,,0.0,0.0,0.0,0.0,0.0,0.0,0.0,0.0,0,0,0.0,0.0,0.0,0.0,0.0,0.0,0.0,0.0,0.0,0.0
186,21.0,Fulham,Tottenham,,0,0,0.0,0.0,,,,,0.0,0.0,0.0,0.0,0.0,0.0,0.0,0.0,0,0,0.0,0.0,0.0,0.0,0.0,0.0,0.0,0.0,0.0,0.0
187,21.0,Arsenal,Manchester Utd,,0,0,0.0,0.0,,,,,0.0,0.0,0.0,0.0,0.0,0.0,0.0,0.0,0,0,0.0,0.0,0.0,0.0,0.0,0.0,0.0,0.0,0.0,0.0
188,21.0,Bournemouth,Nott'ham Forest,,0,0,0.0,0.0,,,,,0.0,0.0,0.0,0.0,0.0,0.0,0.0,0.0,0,0,0.0,0.0,0.0,0.0,0.0,0.0,0.0,0.0,0.0,0.0
189,21.0,Manchester City,Wolves,,0,0,0.0,0.0,,,,,0.0,0.0,0.0,0.0,0.0,0.0,0.0,0.0,0,0,0.0,0.0,0.0,0.0,0.0,0.0,0.0,0.0,0.0,0.0
190,21.0,Liverpool,Chelsea,,0,0,0.0,0.0,,,,,0.0,0.0,0.0,0.0,0.0,0.0,0.0,0.0,0,0,0.0,0.0,0.0,0.0,0.0,0.0,0.0,0.0,0.0,0.0
191,21.0,Crystal Palace,Newcastle Utd,,0,0,0.0,0.0,,,,,0.0,0.0,0.0,0.0,0.0,0.0,0.0,0.0,0,0,0.0,0.0,0.0,0.0,0.0,0.0,0.0,0.0,0.0,0.0
192,21.0,Southampton,Aston Villa,,0,0,0.0,0.0,,,,,0.0,0.0,0.0,0.0,0.0,0.0,0.0,0.0,0,0,0.0,0.0,0.0,0.0,0.0,0.0,0.0,0.0,0.0,0.0
193,21.0,Leicester City,Brighton,,0,0,0.0,0.0,,,,,0.0,0.0,0.0,0.0,0.0,0.0,0.0,0.0,0,0,0.0,0.0,0.0,0.0,0.0,0.0,0.0,0.0,0.0,0.0
194,21.0,West Ham,Everton,,0,0,0.0,0.0,,,,,0.0,0.0,0.0,0.0,0.0,0.0,0.0,0.0,0,0,0.0,0.0,0.0,0.0,0.0,0.0,0.0,0.0,0.0,0.0
195,21.0,Leeds United,Brentford,,0,0,0.0,0.0,,,,,0.0,0.0,0.0,0.0,0.0,0.0,0.0,0.0,0,0,0.0,0.0,0.0,0.0,0.0,0.0,0.0,0.0,0.0,0.0
196,22.0,Everton,Arsenal,,0,0,0.0,0.0,,,,,0.0,0.0,0.0,0.0,0.0,0.0,0.0,0.0,0,0,0.0,0.0,0.0,0.0,0.0,0.0,0.0,0.0,0.0,0.0
197,22.0,Newcastle Utd,West Ham,,0,0,0.0,0.0,,,,,0.0,0.0,0.0,0.0,0.0,0.0,0.0,0.0,0,0,0.0,0.0,0.0,0.0,0.0,0.0,0.0,0.0,0.0,0.0
198,22.0,Aston Villa,Leicester City,,0,0,0.0,0.0,,,,,0.0,0.0,0.0,0.0,0.0,0.0,0.0,0.0,0,0,0.0,0.0,0.0,0.0,0.0,0.0,0.0,0.0,0.0,0.0
199,22.0,Nott'ham Forest,Leeds United,,0,0,0.0,0.0,,,,,0.0,0.0,0.0,0.0,0.0,0.0,0.0,0.0,0,0,0.0,0.0,0.0,0.0,0.0,0.0,0.0,0.0,0.0,0.0
200,22.0,Tottenham,Manchester City,,0,0,0.0,0.0,,,,,0.0,0.0,0.0,0.0,0.0,0.0,0.0,0.0,0,0,0.0,0.0,0.0,0.0,0.0,0.0,0.0,0.0,0.0,0.0
201,22.0,Chelsea,Fulham,,0,0,0.0,0.0,,,,,0.0,0.0,0.0,0.0,0.0,0.0,0.0,0.0,0,0,0.0,0.0,0.0,0.0,0.0,0.0,0.0,0.0,0.0,0.0
202,22.0,Wolves,Liverpool,,0,0,0.0,0.0,,,,,0.0,0.0,0.0,0.0,0.0,0.0,0.0,0.0,0,0,0.0,0.0,0.0,0.0,0.0,0.0,0.0,0.0,0.0,0.0
203,22.0,Manchester Utd,Crystal Palace,,0,0,0.0,0.0,,,,,0.0,0.0,0.0,0.0,0.0,0.0,0.0,0.0,0,0,0.0,0.0,0.0,0.0,0.0,0.0,0.0,0.0,0.0,0.0
204,22.0,Brighton,Bournemouth,,0,0,0.0,0.0,,,,,0.0,0.0,0.0,0.0,0.0,0.0,0.0,0.0,0,0,0.0,0.0,0.0,0.0,0.0,0.0,0.0,0.0,0.0,0.0
205,22.0,Brentford,Southampton,,0,0,0.0,0.0,,,,,0.0,0.0,0.0,0.0,0.0,0.0,0.0,0.0,0,0,0.0,0.0,0.0,0.0,0.0,0.0,0.0,0.0,0.0,0.0
206,23.0,West Ham,Chelsea,,0,0,0.0,0.0,,,,,0.0,0.0,0.0,0.0,0.0,0.0,0.0,0.0,0,0,0.0,0.0,0.0,0.0,0.0,0.0,0.0,0.0,0.0,0.0
207,23.0,Manchester City,Aston Villa,,0,0,0.0,0.0,,,,,0.0,0.0,0.0,0.0,0.0,0.0,0.0,0.0,0,0,0.0,0.0,0.0,0.0,0.0,0.0,0.0,0.0,0.0,0.0
208,23.0,Leeds United,Manchester Utd,,0,0,0.0,0.0,,,,,0.0,0.0,0.0,0.0,0.0,0.0,0.0,0.0,0,0,0.0,0.0,0.0,0.0,0.0,0.0,0.0,0.0,0.0,0.0
209,23.0,Leicester City,Tottenham,,0,0,0.0,0.0,,,,,0.0,0.0,0.0,0.0,0.0,0.0,0.0,0.0,0,0,0.0,0.0,0.0,0.0,0.0,0.0,0.0,0.0,0.0,0.0
210,23.0,Crystal Palace,Brighton,,0,0,0.0,0.0,,,,,0.0,0.0,0.0,0.0,0.0,0.0,0.0,0.0,0,0,0.0,0.0,0.0,0.0,0.0,0.0,0.0,0.0,0.0,0.0
211,23.0,Arsenal,Brentford,,0,0,0.0,0.0,,,,,0.0,0.0,0.0,0.0,0.0,0.0,0.0,0.0,0,0,0.0,0.0,0.0,0.0,0.0,0.0,0.0,0.0,0.0,0.0
212,23.0,Southampton,Wolves,,0,0,0.0,0.0,,,,,0.0,0.0,0.0,0.0,0.0,0.0,0.0,0.0,0,0,0.0,0.0,0.0,0.0,0.0,0.0,0.0,0.0,0.0,0.0
213,23.0,Liverpool,Everton,,0,0,0.0,0.0,,,,,0.0,0.0,0.0,0.0,0.0,0.0,0.0,0.0,0,0,0.0,0.0,0.0,0.0,0.0,0.0,0.0,0.0,0.0,0.0
214,23.0,Bournemouth,Newcastle Utd,,0,0,0.0,0.0,,,,,0.0,0.0,0.0,0.0,0.0,0.0,0.0,0.0,0,0,0.0,0.0,0.0,0.0,0.0,0.0,0.0,0.0,0.0,0.0
215,23.0,Fulham,Nott'ham Forest,,0,0,0.0,0.0,,,,,0.0,0.0,0.0,0.0,0.0,0.0,0.0,0.0,0,0,0.0,0.0,0.0,0.0,0.0,0.0,0.0,0.0,0.0,0.0
216,24.0,Newcastle Utd,Liverpool,,0,0,0.0,0.0,,,,,0.0,0.0,0.0,0.0,0.0,0.0,0.0,0.0,0,0,0.0,0.0,0.0,0.0,0.0,0.0,0.0,0.0,0.0,0.0
217,24.0,Brighton,Fulham,,0,0,0.0,0.0,,,,,0.0,0.0,0.0,0.0,0.0,0.0,0.0,0.0,0,0,0.0,0.0,0.0,0.0,0.0,0.0,0.0,0.0,0.0,0.0
218,24.0,Nott'ham Forest,Manchester City,,0,0,0.0,0.0,,,,,0.0,0.0,0.0,0.0,0.0,0.0,0.0,0.0,0,0,0.0,0.0,0.0,0.0,0.0,0.0,0.0,0.0,0.0,0.0
219,24.0,Chelsea,Southampton,,0,0,0.0,0.0,,,,,0.0,0.0,0.0,0.0,0.0,0.0,0.0,0.0,0,0,0.0,0.0,0.0,0.0,0.0,0.0,0.0,0.0,0.0,0.0
220,24.0,Tottenham,West Ham,,0,0,0.0,0.0,,,,,0.0,0.0,0.0,0.0,0.0,0.0,0.0,0.0,0,0,0.0,0.0,0.0,0.0,0.0,0.0,0.0,0.0,0.0,0.0
221,24.0,Everton,Leeds United,,0,0,0.0,0.0,,,,,0.0,0.0,0.0,0.0,0.0,0.0,0.0,0.0,0,0,0.0,0.0,0.0,0.0,0.0,0.0,0.0,0.0,0.0,0.0
222,24.0,Manchester Utd,Leicester City,,0,0,0.0,0.0,,,,,0.0,0.0,0.0,0.0,0.0,0.0,0.0,0.0,0,0,0.0,0.0,0.0,0.0,0.0,0.0,0.0,0.0,0.0,0.0
223,24.0,Aston Villa,Arsenal,,0,0,0.0,0.0,,,,,0.0,0.0,0.0,0.0,0.0,0.0,0.0,0.0,0,0,0.0,0.0,0.0,0.0,0.0,0.0,0.0,0.0,0.0,0.0
224,24.0,Wolves,Bournemouth,,0,0,0.0,0.0,,,,,0.0,0.0,0.0,0.0,0.0,0.0,0.0,0.0,0,0,0.0,0.0,0.0,0.0,0.0,0.0,0.0,0.0,0.0,0.0
225,24.0,Brentford,Crystal Palace,,0,0,0.0,0.0,,,,,0.0,0.0,0.0,0.0,0.0,0.0,0.0,0.0,0,0,0.0,0.0,0.0,0.0,0.0,0.0,0.0,0.0,0.0,0.0
226,25.0,Leicester City,Arsenal,,0,0,0.0,0.0,,,,,0.0,0.0,0.0,0.0,0.0,0.0,0.0,0.0,0,0,0.0,0.0,0.0,0.0,0.0,0.0,0.0,0.0,0.0,0.0
227,25.0,Everton,Aston Villa,,0,0,0.0,0.0,,,,,0.0,0.0,0.0,0.0,0.0,0.0,0.0,0.0,0,0,0.0,0.0,0.0,0.0,0.0,0.0,0.0,0.0,0.0,0.0
228,25.0,West Ham,Nott'ham Forest,,0,0,0.0,0.0,,,,,0.0,0.0,0.0,0.0,0.0,0.0,0.0,0.0,0,0,0.0,0.0,0.0,0.0,0.0,0.0,0.0,0.0,0.0,0.0
229,25.0,Crystal Palace,Liverpool,,0,0,0.0,0.0,,,,,0.0,0.0,0.0,0.0,0.0,0.0,0.0,0.0,0,0,0.0,0.0,0.0,0.0,0.0,0.0,0.0,0.0,0.0,0.0
230,25.0,Tottenham,Chelsea,,0,0,0.0,0.0,,,,,0.0,0.0,0.0,0.0,0.0,0.0,0.0,0.0,0,0,0.0,0.0,0.0,0.0,0.0,0.0,0.0,0.0,0.0,0.0
231,25.0,Leeds United,Southampton,,0,0,0.0,0.0,,,,,0.0,0.0,0.0,0.0,0.0,0.0,0.0,0.0,0,0,0.0,0.0,0.0,0.0,0.0,0.0,0.0,0.0,0.0,0.0
232,25.0,Fulham,Wolves,,0,0,0.0,0.0,,,,,0.0,0.0,0.0,0.0,0.0,0.0,0.0,0.0,0,0,0.0,0.0,0.0,0.0,0.0,0.0,0.0,0.0,0.0,0.0
233,25.0,Newcastle Utd,Brighton,,0,0,0.0,0.0,,,,,0.0,0.0,0.0,0.0,0.0,0.0,0.0,0.0,0,0,0.0,0.0,0.0,0.0,0.0,0.0,0.0,0.0,0.0,0.0
234,25.0,Bournemouth,Manchester City,,0,0,0.0,0.0,,,,,0.0,0.0,0.0,0.0,0.0,0.0,0.0,0.0,0,0,0.0,0.0,0.0,0.0,0.0,0.0,0.0,0.0,0.0,0.0
235,25.0,Manchester Utd,Brentford,,0,0,0.0,0.0,,,,,0.0,0.0,0.0,0.0,0.0,0.0,0.0,0.0,0,0,0.0,0.0,0.0,0.0,0.0,0.0,0.0,0.0,0.0,0.0
236,26.0,Brentford,Fulham,,0,0,0.0,0.0,,,,,0.0,0.0,0.0,0.0,0.0,0.0,0.0,0.0,0,0,0.0,0.0,0.0,0.0,0.0,0.0,0.0,0.0,0.0,0.0
237,26.0,Arsenal,Bournemouth,,0,0,0.0,0.0,,,,,0.0,0.0,0.0,0.0,0.0,0.0,0.0,0.0,0,0,0.0,0.0,0.0,0.0,0.0,0.0,0.0,0.0,0.0,0.0
238,26.0,Aston Villa,Crystal Palace,,0,0,0.0,0.0,,,,,0.0,0.0,0.0,0.0,0.0,0.0,0.0,0.0,0,0,0.0,0.0,0.0,0.0,0.0,0.0,0.0,0.0,0.0,0.0
239,26.0,Southampton,Leicester City,,0,0,0.0,0.0,,,,,0.0,0.0,0.0,0.0,0.0,0.0,0.0,0.0,0,0,0.0,0.0,0.0,0.0,0.0,0.0,0.0,0.0,0.0,0.0
240,26.0,Chelsea,Leeds United,,0,0,0.0,0.0,,,,,0.0,0.0,0.0,0.0,0.0,0.0,0.0,0.0,0,0,0.0,0.0,0.0,0.0,0.0,0.0,0.0,0.0,0.0,0.0
241,26.0,Liverpool,Manchester Utd,,0,0,0.0,0.0,,,,,0.0,0.0,0.0,0.0,0.0,0.0,0.0,0.0,0,0,0.0,0.0,0.0,0.0,0.0,0.0,0.0,0.0,0.0,0.0
242,26.0,Manchester City,Newcastle Utd,,0,0,0.0,0.0,,,,,0.0,0.0,0.0,0.0,0.0,0.0,0.0,0.0,0,0,0.0,0.0,0.0,0.0,0.0,0.0,0.0,0.0,0.0,0.0
243,26.0,Brighton,West Ham,,0,0,0.0,0.0,,,,,0.0,0.0,0.0,0.0,0.0,0.0,0.0,0.0,0,0,0.0,0.0,0.0,0.0,0.0,0.0,0.0,0.0,0.0,0.0
244,26.0,Wolves,Tottenham,,0,0,0.0,0.0,,,,,0.0,0.0,0.0,0.0,0.0,0.0,0.0,0.0,0,0,0.0,0.0,0.0,0.0,0.0,0.0,0.0,0.0,0.0,0.0
245,26.0,Nott'ham Forest,Everton,,0,0,0.0,0.0,,,,,0.0,0.0,0.0,0.0,0.0,0.0,0.0,0.0,0,0,0.0,0.0,0.0,0.0,0.0,0.0,0.0,0.0,0.0,0.0
246,27.0,Leeds United,Brighton,,0,0,0.0,0.0,,,,,0.0,0.0,0.0,0.0,0.0,0.0,0.0,0.0,0,0,0.0,0.0,0.0,0.0,0.0,0.0,0.0,0.0,0.0,0.0
247,27.0,Everton,Brentford,,0,0,0.0,0.0,,,,,0.0,0.0,0.0,0.0,0.0,0.0,0.0,0.0,0,0,0.0,0.0,0.0,0.0,0.0,0.0,0.0,0.0,0.0,0.0
248,27.0,Manchester Utd,Southampton,,0,0,0.0,0.0,,,,,0.0,0.0,0.0,0.0,0.0,0.0,0.0,0.0,0,0,0.0,0.0,0.0,0.0,0.0,0.0,0.0,0.0,0.0,0.0
249,27.0,Leicester City,Chelsea,,0,0,0.0,0.0,,,,,0.0,0.0,0.0,0.0,0.0,0.0,0.0,0.0,0,0,0.0,0.0,0.0,0.0,0.0,0.0,0.0,0.0,0.0,0.0
250,27.0,Newcastle Utd,Wolves,,0,0,0.0,0.0,,,,,0.0,0.0,0.0,0.0,0.0,0.0,0.0,0.0,0,0,0.0,0.0,0.0,0.0,0.0,0.0,0.0,0.0,0.0,0.0
251,27.0,Tottenham,Nott'ham Forest,,0,0,0.0,0.0,,,,,0.0,0.0,0.0,0.0,0.0,0.0,0.0,0.0,0,0,0.0,0.0,0.0,0.0,0.0,0.0,0.0,0.0,0.0,0.0
252,27.0,Fulham,Arsenal,,0,0,0.0,0.0,,,,,0.0,0.0,0.0,0.0,0.0,0.0,0.0,0.0,0,0,0.0,0.0,0.0,0.0,0.0,0.0,0.0,0.0,0.0,0.0
253,27.0,Crystal Palace,Manchester City,,0,0,0.0,0.0,,,,,0.0,0.0,0.0,0.0,0.0,0.0,0.0,0.0,0,0,0.0,0.0,0.0,0.0,0.0,0.0,0.0,0.0,0.0,0.0
254,27.0,Bournemouth,Liverpool,,0,0,0.0,0.0,,,,,0.0,0.0,0.0,0.0,0.0,0.0,0.0,0.0,0,0,0.0,0.0,0.0,0.0,0.0,0.0,0.0,0.0,0.0,0.0
255,27.0,West Ham,Aston Villa,,0,0,0.0,0.0,,,,,0.0,0.0,0.0,0.0,0.0,0.0,0.0,0.0,0,0,0.0,0.0,0.0,0.0,0.0,0.0,0.0,0.0,0.0,0.0
256,28.0,Brighton,Manchester Utd,,0,0,0.0,0.0,,,,,0.0,0.0,0.0,0.0,0.0,0.0,0.0,0.0,0,0,0.0,0.0,0.0,0.0,0.0,0.0,0.0,0.0,0.0,0.0
257,28.0,Liverpool,Fulham,,0,0,0.0,0.0,,,,,0.0,0.0,0.0,0.0,0.0,0.0,0.0,0.0,0,0,0.0,0.0,0.0,0.0,0.0,0.0,0.0,0.0,0.0,0.0
258,28.0,Wolves,Leeds United,,0,0,0.0,0.0,,,,,0.0,0.0,0.0,0.0,0.0,0.0,0.0,0.0,0,0,0.0,0.0,0.0,0.0,0.0,0.0,0.0,0.0,0.0,0.0
259,28.0,Nott'ham Forest,Newcastle Utd,,0,0,0.0,0.0,,,,,0.0,0.0,0.0,0.0,0.0,0.0,0.0,0.0,0,0,0.0,0.0,0.0,0.0,0.0,0.0,0.0,0.0,0.0,0.0
260,28.0,Brentford,Leicester City,,0,0,0.0,0.0,,,,,0.0,0.0,0.0,0.0,0.0,0.0,0.0,0.0,0,0,0.0,0.0,0.0,0.0,0.0,0.0,0.0,0.0,0.0,0.0
261,28.0,Aston Villa,Bournemouth,,0,0,0.0,0.0,,,,,0.0,0.0,0.0,0.0,0.0,0.0,0.0,0.0,0,0,0.0,0.0,0.0,0.0,0.0,0.0,0.0,0.0,0.0,0.0
262,28.0,Chelsea,Everton,,0,0,0.0,0.0,,,,,0.0,0.0,0.0,0.0,0.0,0.0,0.0,0.0,0,0,0.0,0.0,0.0,0.0,0.0,0.0,0.0,0.0,0.0,0.0
263,28.0,Arsenal,Crystal Palace,,0,0,0.0,0.0,,,,,0.0,0.0,0.0,0.0,0.0,0.0,0.0,0.0,0,0,0.0,0.0,0.0,0.0,0.0,0.0,0.0,0.0,0.0,0.0
264,28.0,Southampton,Tottenham,,0,0,0.0,0.0,,,,,0.0,0.0,0.0,0.0,0.0,0.0,0.0,0.0,0,0,0.0,0.0,0.0,0.0,0.0,0.0,0.0,0.0,0.0,0.0
265,28.0,Manchester City,West Ham,,0,0,0.0,0.0,,,,,0.0,0.0,0.0,0.0,0.0,0.0,0.0,0.0,0,0,0.0,0.0,0.0,0.0,0.0,0.0,0.0,0.0,0.0,0.0
266,29.0,Newcastle Utd,Manchester Utd,,0,0,0.0,0.0,,,,,0.0,0.0,0.0,0.0,0.0,0.0,0.0,0.0,0,0,0.0,0.0,0.0,0.0,0.0,0.0,0.0,0.0,0.0,0.0
267,29.0,Arsenal,Leeds United,,0,0,0.0,0.0,,,,,0.0,0.0,0.0,0.0,0.0,0.0,0.0,0.0,0,0,0.0,0.0,0.0,0.0,0.0,0.0,0.0,0.0,0.0,0.0
268,29.0,Manchester City,Liverpool,,0,0,0.0,0.0,,,,,0.0,0.0,0.0,0.0,0.0,0.0,0.0,0.0,0,0,0.0,0.0,0.0,0.0,0.0,0.0,0.0,0.0,0.0,0.0
269,29.0,West Ham,Southampton,,0,0,0.0,0.0,,,,,0.0,0.0,0.0,0.0,0.0,0.0,0.0,0.0,0,0,0.0,0.0,0.0,0.0,0.0,0.0,0.0,0.0,0.0,0.0
270,29.0,Chelsea,Aston Villa,,0,0,0.0,0.0,,,,,0.0,0.0,0.0,0.0,0.0,0.0,0.0,0.0,0,0,0.0,0.0,0.0,0.0,0.0,0.0,0.0,0.0,0.0,0.0
271,29.0,Everton,Tottenham,,0,0,0.0,0.0,,,,,0.0,0.0,0.0,0.0,0.0,0.0,0.0,0.0,0,0,0.0,0.0,0.0,0.0,0.0,0.0,0.0,0.0,0.0,0.0
272,29.0,Nott'ham Forest,Wolves,,0,0,0.0,0.0,,,,,0.0,0.0,0.0,0.0,0.0,0.0,0.0,0.0,0,0,0.0,0.0,0.0,0.0,0.0,0.0,0.0,0.0,0.0,0.0
273,29.0,Brighton,Brentford,,0,0,0.0,0.0,,,,,0.0,0.0,0.0,0.0,0.0,0.0,0.0,0.0,0,0,0.0,0.0,0.0,0.0,0.0,0.0,0.0,0.0,0.0,0.0
274,29.0,Crystal Palace,Leicester City,,0,0,0.0,0.0,,,,,0.0,0.0,0.0,0.0,0.0,0.0,0.0,0.0,0,0,0.0,0.0,0.0,0.0,0.0,0.0,0.0,0.0,0.0,0.0
275,29.0,Bournemouth,Fulham,,0,0,0.0,0.0,,,,,0.0,0.0,0.0,0.0,0.0,0.0,0.0,0.0,0,0,0.0,0.0,0.0,0.0,0.0,0.0,0.0,0.0,0.0,0.0
276,30.0,Fulham,West Ham,,0,0,0.0,0.0,,,,,0.0,0.0,0.0,0.0,0.0,0.0,0.0,0.0,0,0,0.0,0.0,0.0,0.0,0.0,0.0,0.0,0.0,0.0,0.0
277,30.0,Aston Villa,Nott'ham Forest,,0,0,0.0,0.0,,,,,0.0,0.0,0.0,0.0,0.0,0.0,0.0,0.0,0,0,0.0,0.0,0.0,0.0,0.0,0.0,0.0,0.0,0.0,0.0
278,30.0,Leicester City,Bournemouth,,0,0,0.0,0.0,,,,,0.0,0.0,0.0,0.0,0.0,0.0,0.0,0.0,0,0,0.0,0.0,0.0,0.0,0.0,0.0,0.0,0.0,0.0,0.0
279,30.0,Leeds United,Crystal Palace,,0,0,0.0,0.0,,,,,0.0,0.0,0.0,0.0,0.0,0.0,0.0,0.0,0,0,0.0,0.0,0.0,0.0,0.0,0.0,0.0,0.0,0.0,0.0
280,30.0,Brentford,Newcastle Utd,,0,0,0.0,0.0,,,,,0.0,0.0,0.0,0.0,0.0,0.0,0.0,0.0,0,0,0.0,0.0,0.0,0.0,0.0,0.0,0.0,0.0,0.0,0.0
281,30.0,Wolves,Chelsea,,0,0,0.0,0.0,,,,,0.0,0.0,0.0,0.0,0.0,0.0,0.0,0.0,0,0,0.0,0.0,0.0,0.0,0.0,0.0,0.0,0.0,0.0,0.0
282,30.0,Tottenham,Brighton,,0,0,0.0,0.0,,,,,0.0,0.0,0.0,0.0,0.0,0.0,0.0,0.0,0,0,0.0,0.0,0.0,0.0,0.0,0.0,0.0,0.0,0.0,0.0
283,30.0,Manchester Utd,Everton,,0,0,0.0,0.0,,,,,0.0,0.0,0.0,0.0,0.0,0.0,0.0,0.0,0,0,0.0,0.0,0.0,0.0,0.0,0.0,0.0,0.0,0.0,0.0
284,30.0,Liverpool,Arsenal,,0,0,0.0,0.0,,,,,0.0,0.0,0.0,0.0,0.0,0.0,0.0,0.0,0,0,0.0,0.0,0.0,0.0,0.0,0.0,0.0,0.0,0.0,0.0
285,30.0,Southampton,Manchester City,,0,0,0.0,0.0,,,,,0.0,0.0,0.0,0.0,0.0,0.0,0.0,0.0,0,0,0.0,0.0,0.0,0.0,0.0,0.0,0.0,0.0,0.0,0.0
286,31.0,Chelsea,Brighton,,0,0,0.0,0.0,,,,,0.0,0.0,0.0,0.0,0.0,0.0,0.0,0.0,0,0,0.0,0.0,0.0,0.0,0.0,0.0,0.0,0.0,0.0,0.0
287,31.0,West Ham,Arsenal,,0,0,0.0,0.0,,,,,0.0,0.0,0.0,0.0,0.0,0.0,0.0,0.0,0,0,0.0,0.0,0.0,0.0,0.0,0.0,0.0,0.0,0.0,0.0
288,31.0,Nott'ham Forest,Manchester Utd,,0,0,0.0,0.0,,,,,0.0,0.0,0.0,0.0,0.0,0.0,0.0,0.0,0,0,0.0,0.0,0.0,0.0,0.0,0.0,0.0,0.0,0.0,0.0
289,31.0,Southampton,Crystal Palace,,0,0,0.0,0.0,,,,,0.0,0.0,0.0,0.0,0.0,0.0,0.0,0.0,0,0,0.0,0.0,0.0,0.0,0.0,0.0,0.0,0.0,0.0,0.0
290,31.0,Aston Villa,Newcastle Utd,,0,0,0.0,0.0,,,,,0.0,0.0,0.0,0.0,0.0,0.0,0.0,0.0,0,0,0.0,0.0,0.0,0.0,0.0,0.0,0.0,0.0,0.0,0.0
291,31.0,Wolves,Brentford,,0,0,0.0,0.0,,,,,0.0,0.0,0.0,0.0,0.0,0.0,0.0,0.0,0,0,0.0,0.0,0.0,0.0,0.0,0.0,0.0,0.0,0.0,0.0
292,31.0,Tottenham,Bournemouth,,0,0,0.0,0.0,,,,,0.0,0.0,0.0,0.0,0.0,0.0,0.0,0.0,0,0,0.0,0.0,0.0,0.0,0.0,0.0,0.0,0.0,0.0,0.0
293,31.0,Manchester City,Leicester City,,0,0,0.0,0.0,,,,,0.0,0.0,0.0,0.0,0.0,0.0,0.0,0.0,0,0,0.0,0.0,0.0,0.0,0.0,0.0,0.0,0.0,0.0,0.0
294,31.0,Everton,Fulham,,0,0,0.0,0.0,,,,,0.0,0.0,0.0,0.0,0.0,0.0,0.0,0.0,0,0,0.0,0.0,0.0,0.0,0.0,0.0,0.0,0.0,0.0,0.0
295,31.0,Leeds United,Liverpool,,0,0,0.0,0.0,,,,,0.0,0.0,0.0,0.0,0.0,0.0,0.0,0.0,0,0,0.0,0.0,0.0,0.0,0.0,0.0,0.0,0.0,0.0,0.0
296,32.0,Arsenal,Southampton,,0,0,0.0,0.0,,,,,0.0,0.0,0.0,0.0,0.0,0.0,0.0,0.0,0,0,0.0,0.0,0.0,0.0,0.0,0.0,0.0,0.0,0.0,0.0
297,32.0,Crystal Palace,Everton,,0,0,0.0,0.0,,,,,0.0,0.0,0.0,0.0,0.0,0.0,0.0,0.0,0,0,0.0,0.0,0.0,0.0,0.0,0.0,0.0,0.0,0.0,0.0
298,32.0,Brentford,Aston Villa,,0,0,0.0,0.0,,,,,0.0,0.0,0.0,0.0,0.0,0.0,0.0,0.0,0,0,0.0,0.0,0.0,0.0,0.0,0.0,0.0,0.0,0.0,0.0
299,32.0,Bournemouth,West Ham,,0,0,0.0,0.0,,,,,0.0,0.0,0.0,0.0,0.0,0.0,0.0,0.0,0,0,0.0,0.0,0.0,0.0,0.0,0.0,0.0,0.0,0.0,0.0
300,32.0,Liverpool,Nott'ham Forest,,0,0,0.0,0.0,,,,,0.0,0.0,0.0,0.0,0.0,0.0,0.0,0.0,0,0,0.0,0.0,0.0,0.0,0.0,0.0,0.0,0.0,0.0,0.0
301,32.0,Leicester City,Wolves,,0,0,0.0,0.0,,,,,0.0,0.0,0.0,0.0,0.0,0.0,0.0,0.0,0,0,0.0,0.0,0.0,0.0,0.0,0.0,0.0,0.0,0.0,0.0
302,32.0,Manchester Utd,Chelsea,,0,0,0.0,0.0,,,,,0.0,0.0,0.0,0.0,0.0,0.0,0.0,0.0,0,0,0.0,0.0,0.0,0.0,0.0,0.0,0.0,0.0,0.0,0.0
303,32.0,Brighton,Manchester City,,0,0,0.0,0.0,,,,,0.0,0.0,0.0,0.0,0.0,0.0,0.0,0.0,0,0,0.0,0.0,0.0,0.0,0.0,0.0,0.0,0.0,0.0,0.0
304,32.0,Newcastle Utd,Tottenham,,0,0,0.0,0.0,,,,,0.0,0.0,0.0,0.0,0.0,0.0,0.0,0.0,0,0,0.0,0.0,0.0,0.0,0.0,0.0,0.0,0.0,0.0,0.0
305,32.0,Fulham,Leeds United,,0,0,0.0,0.0,,,,,0.0,0.0,0.0,0.0,0.0,0.0,0.0,0.0,0,0,0.0,0.0,0.0,0.0,0.0,0.0,0.0,0.0,0.0,0.0
306,33.0,Everton,Newcastle Utd,,0,0,0.0,0.0,,,,,0.0,0.0,0.0,0.0,0.0,0.0,0.0,0.0,0,0,0.0,0.0,0.0,0.0,0.0,0.0,0.0,0.0,0.0,0.0
307,33.0,Leeds United,Leicester City,,0,0,0.0,0.0,,,,,0.0,0.0,0.0,0.0,0.0,0.0,0.0,0.0,0,0,0.0,0.0,0.0,0.0,0.0,0.0,0.0,0.0,0.0,0.0
308,33.0,Nott'ham Forest,Brighton,,0,0,0.0,0.0,,,,,0.0,0.0,0.0,0.0,0.0,0.0,0.0,0.0,0,0,0.0,0.0,0.0,0.0,0.0,0.0,0.0,0.0,0.0,0.0
309,33.0,Wolves,Crystal Palace,,0,0,0.0,0.0,,,,,0.0,0.0,0.0,0.0,0.0,0.0,0.0,0.0,0,0,0.0,0.0,0.0,0.0,0.0,0.0,0.0,0.0,0.0,0.0
310,33.0,Tottenham,Manchester Utd,,0,0,0.0,0.0,,,,,0.0,0.0,0.0,0.0,0.0,0.0,0.0,0.0,0,0,0.0,0.0,0.0,0.0,0.0,0.0,0.0,0.0,0.0,0.0
311,33.0,West Ham,Liverpool,,0,0,0.0,0.0,,,,,0.0,0.0,0.0,0.0,0.0,0.0,0.0,0.0,0,0,0.0,0.0,0.0,0.0,0.0,0.0,0.0,0.0,0.0,0.0
312,33.0,Aston Villa,Fulham,,0,0,0.0,0.0,,,,,0.0,0.0,0.0,0.0,0.0,0.0,0.0,0.0,0,0,0.0,0.0,0.0,0.0,0.0,0.0,0.0,0.0,0.0,0.0
313,33.0,Chelsea,Brentford,,0,0,0.0,0.0,,,,,0.0,0.0,0.0,0.0,0.0,0.0,0.0,0.0,0,0,0.0,0.0,0.0,0.0,0.0,0.0,0.0,0.0,0.0,0.0
314,33.0,Southampton,Bournemouth,,0,0,0.0,0.0,,,,,0.0,0.0,0.0,0.0,0.0,0.0,0.0,0.0,0,0,0.0,0.0,0.0,0.0,0.0,0.0,0.0,0.0,0.0,0.0
315,33.0,Manchester City,Arsenal,,0,0,0.0,0.0,,,,,0.0,0.0,0.0,0.0,0.0,0.0,0.0,0.0,0,0,0.0,0.0,0.0,0.0,0.0,0.0,0.0,0.0,0.0,0.0
316,34.0,Manchester Utd,Aston Villa,,0,0,0.0,0.0,,,,,0.0,0.0,0.0,0.0,0.0,0.0,0.0,0.0,0,0,0.0,0.0,0.0,0.0,0.0,0.0,0.0,0.0,0.0,0.0
317,34.0,Bournemouth,Leeds United,,0,0,0.0,0.0,,,,,0.0,0.0,0.0,0.0,0.0,0.0,0.0,0.0,0,0,0.0,0.0,0.0,0.0,0.0,0.0,0.0,0.0,0.0,0.0
318,34.0,Brighton,Wolves,,0,0,0.0,0.0,,,,,0.0,0.0,0.0,0.0,0.0,0.0,0.0,0.0,0,0,0.0,0.0,0.0,0.0,0.0,0.0,0.0,0.0,0.0,0.0
319,34.0,Arsenal,Chelsea,,0,0,0.0,0.0,,,,,0.0,0.0,0.0,0.0,0.0,0.0,0.0,0.0,0,0,0.0,0.0,0.0,0.0,0.0,0.0,0.0,0.0,0.0,0.0
320,34.0,Brentford,Nott'ham Forest,,0,0,0.0,0.0,,,,,0.0,0.0,0.0,0.0,0.0,0.0,0.0,0.0,0,0,0.0,0.0,0.0,0.0,0.0,0.0,0.0,0.0,0.0,0.0
321,34.0,Crystal Palace,West Ham,,0,0,0.0,0.0,,,,,0.0,0.0,0.0,0.0,0.0,0.0,0.0,0.0,0,0,0.0,0.0,0.0,0.0,0.0,0.0,0.0,0.0,0.0,0.0
322,34.0,Leicester City,Everton,,0,0,0.0,0.0,,,,,0.0,0.0,0.0,0.0,0.0,0.0,0.0,0.0,0,0,0.0,0.0,0.0,0.0,0.0,0.0,0.0,0.0,0.0,0.0
323,34.0,Newcastle Utd,Southampton,,0,0,0.0,0.0,,,,,0.0,0.0,0.0,0.0,0.0,0.0,0.0,0.0,0,0,0.0,0.0,0.0,0.0,0.0,0.0,0.0,0.0,0.0,0.0
324,34.0,Fulham,Manchester City,,0,0,0.0,0.0,,,,,0.0,0.0,0.0,0.0,0.0,0.0,0.0,0.0,0,0,0.0,0.0,0.0,0.0,0.0,0.0,0.0,0.0,0.0,0.0
325,34.0,Liverpool,Tottenham,,0,0,0.0,0.0,,,,,0.0,0.0,0.0,0.0,0.0,0.0,0.0,0.0,0,0,0.0,0.0,0.0,0.0,0.0,0.0,0.0,0.0,0.0,0.0
326,35.0,Tottenham,Crystal Palace,,0,0,0.0,0.0,,,,,0.0,0.0,0.0,0.0,0.0,0.0,0.0,0.0,0,0,0.0,0.0,0.0,0.0,0.0,0.0,0.0,0.0,0.0,0.0
327,35.0,Wolves,Aston Villa,,0,0,0.0,0.0,,,,,0.0,0.0,0.0,0.0,0.0,0.0,0.0,0.0,0,0,0.0,0.0,0.0,0.0,0.0,0.0,0.0,0.0,0.0,0.0
328,35.0,Nott'ham Forest,Southampton,,0,0,0.0,0.0,,,,,0.0,0.0,0.0,0.0,0.0,0.0,0.0,0.0,0,0,0.0,0.0,0.0,0.0,0.0,0.0,0.0,0.0,0.0,0.0
329,35.0,Bournemouth,Chelsea,,0,0,0.0,0.0,,,,,0.0,0.0,0.0,0.0,0.0,0.0,0.0,0.0,0,0,0.0,0.0,0.0,0.0,0.0,0.0,0.0,0.0,0.0,0.0
330,35.0,Liverpool,Brentford,,0,0,0.0,0.0,,,,,0.0,0.0,0.0,0.0,0.0,0.0,0.0,0.0,0,0,0.0,0.0,0.0,0.0,0.0,0.0,0.0,0.0,0.0,0.0
331,35.0,Manchester City,Leeds United,,0,0,0.0,0.0,,,,,0.0,0.0,0.0,0.0,0.0,0.0,0.0,0.0,0,0,0.0,0.0,0.0,0.0,0.0,0.0,0.0,0.0,0.0,0.0
332,35.0,West Ham,Manchester Utd,,0,0,0.0,0.0,,,,,0.0,0.0,0.0,0.0,0.0,0.0,0.0,0.0,0,0,0.0,0.0,0.0,0.0,0.0,0.0,0.0,0.0,0.0,0.0
333,35.0,Fulham,Leicester City,,0,0,0.0,0.0,,,,,0.0,0.0,0.0,0.0,0.0,0.0,0.0,0.0,0,0,0.0,0.0,0.0,0.0,0.0,0.0,0.0,0.0,0.0,0.0
334,35.0,Newcastle Utd,Arsenal,,0,0,0.0,0.0,,,,,0.0,0.0,0.0,0.0,0.0,0.0,0.0,0.0,0,0,0.0,0.0,0.0,0.0,0.0,0.0,0.0,0.0,0.0,0.0
335,35.0,Brighton,Everton,,0,0,0.0,0.0,,,,,0.0,0.0,0.0,0.0,0.0,0.0,0.0,0.0,0,0,0.0,0.0,0.0,0.0,0.0,0.0,0.0,0.0,0.0,0.0
336,36.0,Aston Villa,Tottenham,,0,0,0.0,0.0,,,,,0.0,0.0,0.0,0.0,0.0,0.0,0.0,0.0,0,0,0.0,0.0,0.0,0.0,0.0,0.0,0.0,0.0,0.0,0.0
337,36.0,Everton,Manchester City,,0,0,0.0,0.0,,,,,0.0,0.0,0.0,0.0,0.0,0.0,0.0,0.0,0,0,0.0,0.0,0.0,0.0,0.0,0.0,0.0,0.0,0.0,0.0
338,36.0,Leicester City,Liverpool,,0,0,0.0,0.0,,,,,0.0,0.0,0.0,0.0,0.0,0.0,0.0,0.0,0,0,0.0,0.0,0.0,0.0,0.0,0.0,0.0,0.0,0.0,0.0
339,36.0,Chelsea,Nott'ham Forest,,0,0,0.0,0.0,,,,,0.0,0.0,0.0,0.0,0.0,0.0,0.0,0.0,0,0,0.0,0.0,0.0,0.0,0.0,0.0,0.0,0.0,0.0,0.0
340,36.0,Brentford,West Ham,,0,0,0.0,0.0,,,,,0.0,0.0,0.0,0.0,0.0,0.0,0.0,0.0,0,0,0.0,0.0,0.0,0.0,0.0,0.0,0.0,0.0,0.0,0.0
341,36.0,Crystal Palace,Bournemouth,,0,0,0.0,0.0,,,,,0.0,0.0,0.0,0.0,0.0,0.0,0.0,0.0,0,0,0.0,0.0,0.0,0.0,0.0,0.0,0.0,0.0,0.0,0.0
342,36.0,Leeds United,Newcastle Utd,,0,0,0.0,0.0,,,,,0.0,0.0,0.0,0.0,0.0,0.0,0.0,0.0,0,0,0.0,0.0,0.0,0.0,0.0,0.0,0.0,0.0,0.0,0.0
343,36.0,Arsenal,Brighton,,0,0,0.0,0.0,,,,,0.0,0.0,0.0,0.0,0.0,0.0,0.0,0.0,0,0,0.0,0.0,0.0,0.0,0.0,0.0,0.0,0.0,0.0,0.0
344,36.0,Southampton,Fulham,,0,0,0.0,0.0,,,,,0.0,0.0,0.0,0.0,0.0,0.0,0.0,0.0,0,0,0.0,0.0,0.0,0.0,0.0,0.0,0.0,0.0,0.0,0.0
345,36.0,Manchester Utd,Wolves,,0,0,0.0,0.0,,,,,0.0,0.0,0.0,0.0,0.0,0.0,0.0,0.0,0,0,0.0,0.0,0.0,0.0,0.0,0.0,0.0,0.0,0.0,0.0
346,37.0,Brighton,Southampton,,0,0,0.0,0.0,,,,,0.0,0.0,0.0,0.0,0.0,0.0,0.0,0.0,0,0,0.0,0.0,0.0,0.0,0.0,0.0,0.0,0.0,0.0,0.0
347,37.0,West Ham,Leeds United,,0,0,0.0,0.0,,,,,0.0,0.0,0.0,0.0,0.0,0.0,0.0,0.0,0,0,0.0,0.0,0.0,0.0,0.0,0.0,0.0,0.0,0.0,0.0
348,37.0,Tottenham,Brentford,,0,0,0.0,0.0,,,,,0.0,0.0,0.0,0.0,0.0,0.0,0.0,0.0,0,0,0.0,0.0,0.0,0.0,0.0,0.0,0.0,0.0,0.0,0.0
349,37.0,Manchester City,Chelsea,,0,0,0.0,0.0,,,,,0.0,0.0,0.0,0.0,0.0,0.0,0.0,0.0,0,0,0.0,0.0,0.0,0.0,0.0,0.0,0.0,0.0,0.0,0.0
350,37.0,Liverpool,Aston Villa,,0,0,0.0,0.0,,,,,0.0,0.0,0.0,0.0,0.0,0.0,0.0,0.0,0,0,0.0,0.0,0.0,0.0,0.0,0.0,0.0,0.0,0.0,0.0
351,37.0,Newcastle Utd,Leicester City,,0,0,0.0,0.0,,,,,0.0,0.0,0.0,0.0,0.0,0.0,0.0,0.0,0,0,0.0,0.0,0.0,0.0,0.0,0.0,0.0,0.0,0.0,0.0
352,37.0,Fulham,Crystal Palace,,0,0,0.0,0.0,,,,,0.0,0.0,0.0,0.0,0.0,0.0,0.0,0.0,0,0,0.0,0.0,0.0,0.0,0.0,0.0,0.0,0.0,0.0,0.0
353,37.0,Nott'ham Forest,Arsenal,,0,0,0.0,0.0,,,,,0.0,0.0,0.0,0.0,0.0,0.0,0.0,0.0,0,0,0.0,0.0,0.0,0.0,0.0,0.0,0.0,0.0,0.0,0.0
354,37.0,Bournemouth,Manchester Utd,,0,0,0.0,0.0,,,,,0.0,0.0,0.0,0.0,0.0,0.0,0.0,0.0,0,0,0.0,0.0,0.0,0.0,0.0,0.0,0.0,0.0,0.0,0.0
355,37.0,Wolves,Everton,,0,0,0.0,0.0,,,,,0.0,0.0,0.0,0.0,0.0,0.0,0.0,0.0,0,0,0.0,0.0,0.0,0.0,0.0,0.0,0.0,0.0,0.0,0.0
356,38.0,Crystal Palace,Nott'ham Forest,,0,0,0.0,0.0,,,,,0.0,0.0,0.0,0.0,0.0,0.0,0.0,0.0,0,0,0.0,0.0,0.0,0.0,0.0,0.0,0.0,0.0,0.0,0.0
357,38.0,Chelsea,Newcastle Utd,,0,0,0.0,0.0,,,,,0.0,0.0,0.0,0.0,0.0,0.0,0.0,0.0,0,0,0.0,0.0,0.0,0.0,0.0,0.0,0.0,0.0,0.0,0.0
358,38.0,Manchester Utd,Fulham,,0,0,0.0,0.0,,,,,0.0,0.0,0.0,0.0,0.0,0.0,0.0,0.0,0,0,0.0,0.0,0.0,0.0,0.0,0.0,0.0,0.0,0.0,0.0
359,38.0,Arsenal,Wolves,,0,0,0.0,0.0,,,,,0.0,0.0,0.0,0.0,0.0,0.0,0.0,0.0,0,0,0.0,0.0,0.0,0.0,0.0,0.0,0.0,0.0,0.0,0.0
360,38.0,Southampton,Liverpool,,0,0,0.0,0.0,,,,,0.0,0.0,0.0,0.0,0.0,0.0,0.0,0.0,0,0,0.0,0.0,0.0,0.0,0.0,0.0,0.0,0.0,0.0,0.0
361,38.0,Everton,Bournemouth,,0,0,0.0,0.0,,,,,0.0,0.0,0.0,0.0,0.0,0.0,0.0,0.0,0,0,0.0,0.0,0.0,0.0,0.0,0.0,0.0,0.0,0.0,0.0
362,38.0,Leicester City,West Ham,,0,0,0.0,0.0,,,,,0.0,0.0,0.0,0.0,0.0,0.0,0.0,0.0,0,0,0.0,0.0,0.0,0.0,0.0,0.0,0.0,0.0,0.0,0.0
363,38.0,Aston Villa,Brighton,,0,0,0.0,0.0,,,,,0.0,0.0,0.0,0.0,0.0,0.0,0.0,0.0,0,0,0.0,0.0,0.0,0.0,0.0,0.0,0.0,0.0,0.0,0.0
364,38.0,Leeds United,Tottenham,,0,0,0.0,0.0,,,,,0.0,0.0,0.0,0.0,0.0,0.0,0.0,0.0,0,0,0.0,0.0,0.0,0.0,0.0,0.0,0.0,0.0,0.0,0.0
365,38.0,Brentford,Manchester City,,0,0,0.0,0.0,,,,,0.0,0.0,0.0,0.0,0.0,0.0,0.0,0.0,0,0,0.0,0.0,0.0,0.0,0.0,0.0,0.0,0.0,0.0,0.0
